MTS	OPEN	CLOSE	HIGH	LOW	VOLUME
1490600100000	2.3007	2.3007	2.3007	2.3007	24.789464
1490600400000	2.3011	2.3011	2.3011	2.3011	43.629652
1490600580000	2.3001	2.2982	2.3027	2.2982	1108.81180228
1490600640000	2.3048	2.3042	2.3048	2.3042	391.65806893
1490600700000	2.3045	2.3089	2.3089	2.3037	783.71365157
1490600760000	2.3118	2.3118	2.3118	2.3118	78.33376142
1490600820000	2.3124	2.3124	2.3124	2.3124	2.07992497
1490601060000	2.3125	2.3125	2.3125	2.3125	5.75999497
1490601780000	2.3	2.3	2.3	2.3	35.11204199
1490601960000	2.3119	2.3119	2.3119	2.3119	2.69460347
1490602500000	2.3124	2.3124	2.3124	2.3124	57.88131052
1490602680000	2.3123	2.3123	2.3123	2.3123	100.0
1490602740000	2.3045	2.3045	2.3045	2.3045	75.20909809
1490602980000	2.303	2.2755	2.303	2.2755	931.9336218299999
1490603220000	2.2904	2.3055	2.3055	2.2904	214.32878499999998
1490603340000	2.3069	2.3026	2.3069	2.3026	686.4206081599999
1490603460000	2.3044	2.3044	2.3044	2.3044	106.912986
1490603520000	2.3066	2.3066	2.3066	2.3066	10.0
1490603580000	2.3001	2.3012	2.3095	2.3001	12.35222666
1490603640000	2.3078	2.3078	2.3078	2.3078	4.79963637
1490603700000	2.3109	2.3124	2.3124	2.3109	1117.87326459
1490603820000	2.312	2.3168	2.3183	2.289	1774.2377192200004
1490603880000	2.3009	2.3177	2.3177	2.3009	11.326427290000002
1490604120000	2.3055	2.3101	2.3101	2.3055	12.61844462
1490604240000	2.3063	2.3125	2.3125	2.3063	183.747068
1490604300000	2.306	2.306	2.306	2.306	0.29609419
1490604360000	2.3068	2.3069	2.3069	2.3067	810.5135359999999
1490604600000	2.3099	2.3099	2.3099	2.3099	2.984e-05
1490604720000	2.2994	2.3032	2.3107	2.291	160.38877615000004
1490604780000	2.291	2.3042	2.3107	2.288	108.82321252999999
1490604840000	2.3008	2.2997	2.3113	2.2905	170.99349051000004
1490604900000	2.2998	2.3085	2.3085	2.2908	116.18838491000001
1490604960000	2.2934	2.2946	2.3087	2.2933	102.83159211000003
1490605020000	2.2946	2.2952	2.2952	2.2946	51.99905165999999
1490605080000	2.2952	2.295	2.3015	2.291	49.598322669999995
1490605140000	2.2911	2.2929	2.2951	2.2911	92.23495141000001
1490605200000	2.3009	2.2937	2.3009	2.293	35.04320791000001
1490605380000	2.2944	2.3074	2.3074	2.294	106.15723450000002
1490605440000	2.2943	2.3024	2.307	2.2943	92.25055482999998
1490605500000	2.3024	2.3058	2.3084	2.2948	71.17802336000001
1490605680000	2.2955	2.2945	2.304	2.2943	292.95445593000005
1490605740000	2.2948	2.3046	2.3052	2.2884	57.90164701
1490605800000	2.2929	2.2899	2.3031	2.2899	27.25340689
1490605860000	2.2899	2.2934	2.2934	2.2899	10.811091470000001
1490606160000	2.3	2.3	2.3	2.3	100.0
1490606640000	2.298	2.298	2.298	2.298	118.9049
1490606700000	2.2982	2.3175	2.3175	2.2982	1366.674864
1490606760000	2.3123	2.32	2.32	2.3123	704.9288078999999
1490606820000	2.3204	2.3213	2.3213	2.3204	93.6134
1490606940000	2.3274	2.3274	2.3274	2.3274	78.7177
1490607000000	2.326	2.3254	2.326	2.3254	88.177668
1490607180000	2.3295	2.3298	2.3298	2.3295	100.0
1490607300000	2.328	2.3277	2.328	2.3277	333.6291
1490607420000	2.3281	2.3283	2.3298	2.3278	317.814436
1490607480000	2.3298	2.3306	2.3306	2.3298	916.6222226
1490607720000	2.3295	2.3295	2.3295	2.3295	85.0
1490607840000	2.325	2.325	2.325	2.325	100.667194
1490607900000	2.325	2.3249	2.325	2.3249	77.52648341
1490608260000	2.3135	2.3135	2.3135	2.3135	4.3311
1490608320000	2.3125	2.3126	2.3126	2.3125	116.97
1490608440000	2.3126	2.3126	2.3126	2.3126	64.0
1490608500000	2.3126	2.3126	2.3126	2.3126	19.03
1490609100000	2.31	2.31	2.31	2.31	12.298645
1490609160000	2.3099	2.31	2.31	2.3099	269.738655
1490610240000	2.3015	2.3	2.3015	2.3	104.35368238
1490610540000	2.2929	2.2929	2.2929	2.2929	69.98
1490610660000	2.289	2.2929	2.2929	2.289	504.37001177
1490610720000	2.2871	2.2869	2.2871	2.2869	10.20674092
1490610780000	2.2828	2.2828	2.2828	2.2828	100.0
1490610960000	2.2801	2.2801	2.2801	2.2801	0.2
1490611020000	2.2801	2.2801	2.2801	2.2801	0.1
1490611140000	2.2908	2.2908	2.2908	2.2908	14.361454
1490611200000	2.2816	2.2816	2.2816	2.2816	0.1
1490611500000	2.2994	2.3027	2.3033	2.2994	223.138055
1490611620000	2.3027	2.3027	2.3027	2.3027	1.355e-05
1490611740000	2.3022	2.3022	2.3022	2.3022	2.099107
1490611920000	2.3001	2.3007	2.3007	2.3001	1.0
1490611980000	2.3	2.3	2.3	2.3	100.0
1490612040000	2.2975	2.2999	2.2999	2.2975	82.0968
1490612160000	2.299	2.299	2.299	2.299	1.0
1490612700000	2.2916	2.2916	2.2916	2.2916	0.23
1490612880000	2.3023	2.3023	2.3023	2.3023	0.2
1490613000000	2.2916	2.2916	2.2916	2.2916	0.23
1490613420000	2.2975	2.2975	2.2975	2.2975	10.003824
1490613660000	2.3006	2.3173	2.3173	2.3006	46.0
1490614080000	2.3064	2.3064	2.3064	2.3064	77.654292
1490614260000	2.3065	2.3065	2.3065	2.3065	0.23
1490614500000	2.31	2.302	2.31	2.2971	210.12036573
1490614620000	2.3095	2.31	2.31	2.3095	731.1999000000001
1490614800000	2.295	2.297	2.297	2.295	100.0
1490615340000	2.3005	2.3005	2.3005	2.3005	1.64325848
1490615400000	2.3088	2.293	2.3088	2.293	1.0
1490615700000	2.293	2.2946	2.2946	2.293	1.0
1490615820000	2.2929	2.2929	2.2929	2.2929	99.77
1490616000000	2.2876	2.28	2.2876	2.28	1677.5185163799997
1490616060000	2.28	2.28	2.28	2.28	6.03999
1490616120000	2.2798	2.2801	2.2801	2.2787	318.34149362000005
1490616300000	2.3008	2.3008	2.3008	2.3008	0.1
1490616360000	2.2807	2.2807	2.2807	2.2807	0.23
1490616420000	2.2997	2.3022	2.3022	2.298	0.30000000000000004
1490616480000	2.2878	2.2878	2.2878	2.2878	0.23
1490616540000	2.3022	2.2878	2.3022	2.2878	0.33
1490616780000	2.2878	2.2875	2.2878	2.2875	182.439
1490616840000	2.282	2.282	2.282	2.282	0.23
1490617080000	2.3023	2.3023	2.3023	2.3023	0.1
1490617440000	2.2983	2.2985	2.2985	2.2983	99.930055
1490617500000	2.305	2.2952	2.305	2.2952	394.026447
1490617620000	2.3039	2.3039	2.3039	2.3039	0.1
1490617680000	2.305	2.3051	2.3065	2.305	684.131435
1490617860000	2.301	2.301	2.301	2.301	7.544472
1490617920000	2.3192	2.3192	2.3192	2.3192	43.558979
1490618100000	2.3152	2.3153	2.3153	2.3152	164.8114
1490618280000	2.3156	2.316	2.316	2.3154	220.9819
1490618340000	2.3193	2.315	2.3193	2.315	626.70557
1490618400000	2.31	2.31	2.31	2.31	500.0
1490618460000	2.3167	2.3167	2.3167	2.3167	0.11315565
1490618820000	2.3128	2.3129	2.3129	2.3128	129.961834
1490619180000	2.305	2.3106	2.3106	2.305	115.0215
1490619240000	2.3051	2.3102	2.3102	2.3051	123.0
1490619480000	2.3051	2.3051	2.3065	2.3051	259.96
1490619600000	2.3129	2.3129	2.3129	2.3129	0.1
1490619660000	2.3129	2.313	2.313	2.3129	498.895154
1490619720000	2.313	2.3175	2.3175	2.313	222.620543
1490619900000	2.3122	2.3122	2.3122	2.3122	0.5169
1490619960000	2.3185	2.3185	2.3185	2.3185	0.1
1490620080000	2.32	2.3176	2.3212	2.3176	10.3
1490620140000	2.3124	2.3124	2.3124	2.3124	3.0
1490620200000	2.3207	2.3207	2.3207	2.3207	0.1
1490620320000	2.316	2.3157	2.316	2.3157	12.768186
1490620380000	2.3155	2.3155	2.3155	2.3155	94.120709
1490620500000	2.3112	2.3112	2.3112	2.3112	4.33541017
1490620680000	2.3147	2.3147	2.3147	2.3147	0.1
1490620920000	2.305	2.3	2.305	2.3	365.33274995
1490621160000	2.295	2.295	2.295	2.295	4.928965
1490621280000	2.295	2.295	2.295	2.295	116.661548
1490621340000	2.2927	2.29	2.2927	2.29	52.0463
1490621460000	2.2816	2.2816	2.2816	2.2816	0.23
1490621580000	2.28	2.28	2.28	2.28	532.3782679999999
1490621640000	2.2786	2.278	2.2786	2.278	0.688
1490621700000	2.28	2.2788	2.28	2.2788	2093.8312
1490621760000	2.2788	2.2788	2.2788	2.2788	226.71049999999997
1490621880000	2.28	2.28	2.28	2.28	100.0
1490621940000	2.28	2.28	2.28	2.28	77.814783
1490622000000	2.28	2.28	2.28	2.28	17.0
1490622120000	2.28	2.28	2.28	2.28	2038.648
1490622240000	2.28	2.28	2.28	2.28	429.440677
1490622300000	2.28	2.28	2.28	2.28	117.825148
1490622480000	2.2799	2.2502	2.2799	2.2502	2622.1152296000005
1490622720000	2.2525	2.2501	2.2527	2.2501	37.93
1490622840000	2.2647	2.2647	2.2647	2.2647	633.455438
1490622900000	2.2593	2.2586	2.2593	2.2586	280.8278
1490623020000	2.2564	2.2557	2.2564	2.2557	465.07390663
1490623080000	2.2558	2.2552	2.2558	2.2511	400.76179479
1490623140000	2.2501	2.2501	2.2501	2.2501	2976.26400307
1490623260000	2.25	2.25	2.25	2.25	214.0
1490623320000	2.25	2.25	2.25	2.25	1058.562907
1490623380000	2.25	2.2001	2.25	2.2001	6731.358202199997
1490623440000	2.2449	2.2001	2.2449	2.2001	5005.0
1490623500000	2.219	2.219	2.219	2.219	194.309
1490623560000	2.2191	2.2015	2.2191	2.2003	452.021465
1490623620000	2.2167	2.2041	2.2167	2.2041	143.294
1490623680000	2.2191	2.2191	2.2191	2.2191	2.2045
1490623800000	2.2102	2.2194	2.2194	2.2102	109.11
1490623920000	2.223	2.223	2.223	2.223	100.0
1490623980000	2.215	2.2167	2.2167	2.215	132.23351421
1490624040000	2.2166	2.2125	2.2166	2.2125	131.00323
1490624100000	2.2125	2.2125	2.2125	2.2125	162.0890655
1490624160000	2.2101	2.2101	2.2101	2.2101	0.1
1490624220000	2.2125	2.2125	2.2125	2.2125	2.4492274
1490624280000	2.2183	2.216	2.2183	2.216	110.0
1490624340000	2.2125	2.2125	2.2125	2.2125	97.45077260000001
1490624460000	2.2101	2.21	2.2121	2.21	206.98532892
1490624520000	2.2169	2.2121	2.2169	2.2121	144.0
1490624580000	2.2107	2.2097	2.2107	2.2097	310.0
1490624640000	2.207	2.2002	2.2071	2.2001	608.2224789999999
1490624700000	2.2001	2.2	2.2001	2.2	3270.13869849
1490624760000	2.2	2.2	2.2003	2.2	1209.350825
1490624820000	2.2	2.2	2.201	2.2	1054.323491
1490624880000	2.2004	2.2001	2.2004	2.2	181.908747
1490624940000	2.2	2.2	2.2	2.2	9963.875586999999
1490625000000	2.1872	2.193	2.1931	2.1872	1166.9230000000002
1490625060000	2.185	2.1715	2.1853	2.1715	4162.831699999999
1490625120000	2.173	2.173	2.173	2.173	9.11
1490625240000	2.1912	2.1912	2.1943	2.1912	58.41822461
1490625300000	2.197	2.1995	2.2	2.197	451.00454
1490625360000	2.1998	2.1998	2.1998	2.1998	50.0
1490625480000	2.1856	2.1856	2.1856	2.1856	9.11
1490625540000	2.1855	2.1703	2.1855	2.1703	3999.999999999999
1490625600000	2.184	2.184	2.184	2.184	700.0
1490625660000	2.19	2.1967	2.1967	2.1839	2439.11794
1490625840000	2.198	2.198	2.198	2.198	203.263591
1490625900000	2.1995	2.19	2.2	2.19	2289.77941066
1490625960000	2.184	2.1753	2.19	2.1753	500.0
1490626440000	2.1955	2.1955	2.1955	2.1955	317.169243
1490626500000	2.2089	2.1994	2.2227	2.1994	581.535257
1490626560000	2.2018	2.2018	2.2018	2.2018	2.3286585
1490626620000	2.2247	2.2233	2.2248	2.2231	105.777169
1490626680000	2.2253	2.2251	2.2253	2.2251	105.5517
1490626740000	2.2262	2.2278	2.2283	2.2258	225.15590000000003
1490626800000	2.222	2.2364	2.2364	2.2208	1158.46422574
1490626980000	2.2295	2.2215	2.2295	2.2215	807.4249360000001
1490627040000	2.2286	2.2286	2.2286	2.2286	1.001001
1490627100000	2.2267	2.2267	2.2267	2.2267	45.784611
1490627160000	2.2271	2.2238	2.2273	2.2238	100.4613
1490627220000	2.2286	2.2286	2.2286	2.2286	10.0
1490627280000	2.22	2.22	2.22	2.22	50.0
1490627400000	2.2056	2.2056	2.2056	2.2056	9.983821
1490627460000	2.2205	2.2247	2.2352	2.22	2223.7149
1490627580000	2.2341	2.2341	2.2341	2.2341	336.45516100000003
1490627700000	2.22	2.2335	2.2335	2.22	25.922330000000002
1490628000000	2.2363	2.2363	2.2363	2.2363	29.464286
1490628240000	2.2369	2.238	2.238	2.2369	320.15176055999996
1490628300000	2.2445	2.245	2.245	2.2445	434.561948
1490628360000	2.2402	2.2402	2.2402	2.2402	50.0
1490628420000	2.2402	2.2402	2.2402	2.2402	314.0188
1490628480000	2.2445	2.2447	2.2447	2.2445	48.421994999999995
1490628720000	2.2488	2.2499	2.2499	2.2403	1788.633259
1490628840000	2.245	2.2499	2.2499	2.245	42.094952
1490628900000	2.2499	2.2496	2.2499	2.2496	400.0
1490628960000	2.2499	2.2499	2.2499	2.2499	158.62334
1490629080000	2.2472	2.2494	2.2494	2.2472	705.3586
1490629140000	2.2499	2.2499	2.2499	2.2499	1394.1913
1490629380000	2.2499	2.2499	2.2499	2.2499	70.499014
1490629500000	2.2482	2.2458	2.2482	2.2458	10.0
1490629560000	2.2463	2.2463	2.2463	2.2463	1.0
1490629620000	2.2464	2.2445	2.2464	2.2435	8.0
1490629680000	2.2463	2.2499	2.2499	2.2463	208.594131
1490629740000	2.2454	2.2425	2.2454	2.2425	20.0
1490629800000	2.244	2.2429	2.244	2.2429	20.0
1490629860000	2.2462	2.2447	2.2462	2.2447	20.0
1490629920000	2.2487	2.2402	2.2487	2.2402	20.0
1490629980000	2.245	2.243	2.245	2.243	65.43260000000001
1490630040000	2.245	2.245	2.245	2.245	55.0248
1490630100000	2.245	2.245	2.245	2.245	999.5426
1490630160000	2.241	2.241	2.241	2.241	14.471218
1490630580000	2.2436	2.244	2.244	2.2436	513.154
1490630700000	2.2459	2.2459	2.2459	2.2459	115.0
1490630880000	2.2422	2.2429	2.2429	2.2422	1739.683
1490630940000	2.24	2.24	2.24	2.24	493.5658479300001
1490631360000	2.2298	2.2298	2.2298	2.2298	518.430971
1490631480000	2.2362	2.24	2.24	2.2362	1000.0
1490631540000	2.2362	2.2381	2.2381	2.2362	1000.0000000000001
1490631660000	2.2378	2.2377	2.2378	2.2377	757.3542
1490631900000	2.236	2.236	2.236	2.236	406.002139
1490632080000	2.2384	2.2379	2.2384	2.2379	103.59693805
1490632260000	2.2284	2.221	2.2284	2.22	1571.8520512000002
1490632320000	2.221	2.22	2.221	2.22	22.839148859999998
1490632680000	2.2046	2.2046	2.2046	2.2046	9.11
1490632740000	2.2051	2.2051	2.2051	2.2051	4.01871
1490632800000	2.2057	2.2057	2.2057	2.2057	1.01252
1490633340000	2.2069	2.2069	2.2069	2.2069	1.146028
1490633700000	2.2132	2.2132	2.2132	2.2132	89.328858
1490633760000	2.2151	2.2151	2.2151	2.2151	77.0
1490634060000	2.212	2.212	2.212	2.212	24.0
1490634240000	2.2037	2.2	2.2037	2.2	399.88889839
1490634300000	2.2	2.2	2.2	2.2	0.82699819
1490634360000	2.2	2.1983	2.2	2.1983	204.4310018099999
1490634420000	2.1982	2.1975	2.1982	2.1975	0.7999999999999999
1490634600000	2.191	2.191	2.191	2.191	38.637907
1490634660000	2.1911	2.1911	2.1911	2.1911	9.11
1490635500000	2.1955	2.1955	2.1955	2.1955	445.45
1490635740000	2.195	2.195	2.195	2.195	895.130689
1490635800000	2.1955	2.1955	2.1955	2.1955	1.0
1490635860000	2.1953	2.195	2.1953	2.195	228.56068100000002
1490635920000	2.195	2.195	2.195	2.195	320.2781
1490635980000	2.195	2.195	2.195	2.195	160.94670000000002
1490636100000	2.195	2.195	2.195	2.195	154.4532
1490636160000	2.195	2.195	2.195	2.195	304.93719999999996
1490636220000	2.195	2.195	2.195	2.195	148.6781
1490636280000	2.195	2.195	2.195	2.195	292.08209999999997
1490636340000	2.1955	2.1955	2.1955	2.1955	100.0
1490636400000	2.1976	2.195	2.1976	2.195	156.2193
1490636640000	2.1988	2.1988	2.1988	2.1988	30.9585358
1490636760000	2.2081	2.2089	2.2089	2.2081	307.009093
1490636940000	2.2195	2.2194	2.2195	2.2194	772.348387
1490637000000	2.22	2.22	2.22	2.22	33.665439
1490637300000	2.214	2.1951	2.2152	2.1951	999.9999999999999
1490637360000	2.2052	2.1961	2.2053	2.1961	2000.0
1490637480000	2.2017	2.2123	2.2123	2.195	1028.04972929
1490637600000	2.2066	2.2066	2.2066	2.2066	193.7716742
1490637660000	2.2	2.2086	2.2086	2.195	208.7931
1490638440000	2.2	2.2	2.2	2.2	14.914
1490638620000	2.2	2.2	2.2	2.2	85.086
1490638740000	2.1971	2.1971	2.1971	2.1971	200.7516
1490638800000	2.1969	2.1969	2.1969	2.1969	49.25
1490639280000	2.2	2.2	2.2	2.2	13.0
1490639520000	2.2071	2.2106	2.2106	2.2071	425.81208876999995
1490640180000	2.2095	2.2	2.2095	2.2	205.0
1490640240000	2.2	2.1987	2.2	2.1987	550.0
1490640420000	2.203	2.203	2.203	2.203	18.637957
1490641080000	2.1997	2.1997	2.1997	2.1997	329.668702
1490641200000	2.2	2.2	2.2	2.2	174.3429
1490641260000	2.2	2.2	2.2	2.2	382.36035464
1490641380000	2.1953	2.1953	2.1953	2.1953	175.6876
1490641800000	2.1965	2.195	2.1965	2.195	473.980636
1490641920000	2.195	2.195	2.195	2.195	240.093
1490641980000	2.195	2.195	2.195	2.195	58.757025
1490642100000	2.195	2.195	2.195	2.195	1023.39600971
1490642160000	2.191	2.191	2.191	2.191	9.573254
1490642220000	2.1812	2.1812	2.1812	2.1812	98.998
1490642580000	2.1812	2.1812	2.1812	2.1812	200.0
1490642640000	2.1813	2.1812	2.1813	2.1812	2.2
1490642820000	2.1812	2.1812	2.1812	2.1812	200.0
1490642880000	2.1813	2.1839	2.1839	2.1813	3.59591204
1490642940000	2.1823	2.1812	2.1823	2.1812	303.61524029
1490643000000	2.19	2.19	2.19	2.19	3.63576807
1490643060000	2.1916	2.1953	2.1953	2.1916	7.28281447
1490643120000	2.1898	2.1858	2.1898	2.1858	12.66646327
1490643180000	2.189	2.189	2.189	2.189	3.66811922
1490643240000	2.1848	2.1844	2.1848	2.1844	7.37206207
1490643300000	2.1873	2.1873	2.1873	2.1873	100.0
1490643420000	2.1812	2.1812	2.1812	2.1812	581.8277
1490643480000	2.1812	2.1812	2.1812	2.1812	755.1990000000001
1490643600000	2.1812	2.1813	2.1813	2.1812	6.4407440000000005
1490643660000	2.1813	2.1814	2.1814	2.1812	283.0119
1490643720000	2.183	2.183	2.183	2.183	3.86170393
1490643780000	2.1812	2.1812	2.1812	2.1812	199.49356686000002
1490643840000	2.1812	2.1812	2.1812	2.1812	420.76613013
1490643900000	2.1812	2.1812	2.1812	2.1812	137.46558934
1490643960000	2.1812	2.1812	2.1812	2.1812	4.43443
1490644020000	2.1812	2.1812	2.1812	2.1812	81.513011
1490644140000	2.1812	2.1868	2.1868	2.1812	99.097391
1490644260000	2.1812	2.1812	2.1812	2.1812	4.29303091
1490644320000	2.1812	2.1812	2.1812	2.1812	9.975
1490644380000	2.1832	2.185	2.185	2.1832	200.0
1490644440000	2.1812	2.18	2.1812	2.18	1767.9331730000004
1490644500000	2.18	2.175	2.18	2.175	170.82834365000002
1490644740000	2.1748	2.1703	2.1748	2.1703	289.64066987
1490644860000	2.1701	2.1672	2.1702	2.1672	75.0
1490644920000	2.1672	2.1672	2.1672	2.1672	267.0
1490645100000	2.165	2.165	2.165	2.165	12.382296
1490645160000	2.165	2.165	2.165	2.165	41.950512
1490645280000	2.165	2.1505	2.165	2.1505	500.0
1490645340000	2.1575	2.1733	2.1733	2.1553	4258.2823
1490645400000	2.1592	2.156	2.1727	2.1557	3009.9812707200003
1490645460000	2.1569	2.1569	2.1569	2.1569	0.11
1490645640000	2.1564	2.1516	2.1564	2.1516	261.0
1490645700000	2.1516	2.1516	2.1516	2.1516	1240.0
1490645880000	2.1502	2.1501	2.1502	2.1501	341.23199999999997
1490645940000	2.1501	2.1501	2.1501	2.1501	200.0
1490646000000	2.1501	2.1501	2.1501	2.1501	400.0
1490646060000	2.1501	2.1536	2.1536	2.1501	1328.5171
1490646120000	2.1527	2.1527	2.1527	2.1527	15.882307
1490646240000	2.1578	2.1578	2.1578	2.1578	637.861
1490646360000	2.1501	2.1501	2.1501	2.1501	198.0873
1490646420000	2.1501	2.1501	2.1501	2.1501	391.44399999999996
1490646540000	2.1502	2.1502	2.1502	2.1502	23.0
1490646660000	2.16	2.1626	2.1626	2.16	1557.7523350000001
1490646840000	2.16	2.1605	2.1605	2.16	53.326594
1490646900000	2.1621	2.1621	2.1621	2.1621	2.011587
1490647380000	2.174	2.174	2.174	2.174	85.051037
1490647440000	2.1739	2.179	2.179	2.1739	1888.0
1490647500000	2.179	2.1793	2.1793	2.179	8.0984
1490647560000	2.179	2.179	2.179	2.179	3.965e-05
1490648040000	2.1925	2.1925	2.1925	2.1925	150.0
1490648160000	2.1923	2.1896	2.1923	2.1896	700.0
1490648220000	2.1872	2.1872	2.1872	2.1872	74.27212952
1490648340000	2.1872	2.1874	2.1874	2.1872	834.4916000000001
1490648460000	2.1941	2.2043	2.2044	2.193	1071.0456550000001
1490648520000	2.1971	2.1973	2.1973	2.1971	1030.451
1490648940000	2.186	2.1936	2.1936	2.186	950.301
1490649060000	2.1917	2.1917	2.1917	2.1917	20.988236
1490649240000	2.1917	2.1917	2.1917	2.1917	3.241405
1490649360000	2.1841	2.184	2.1841	2.184	469.333489
1490649420000	2.1915	2.1915	2.1915	2.1915	50.0
1490649480000	2.1932	2.187	2.1932	2.187	9.999392
1490649600000	2.1998	2.1895	2.1999	2.1895	268.9393
1490650020000	2.185	2.185	2.185	2.185	22.019834
1490650080000	2.18	2.1839	2.1839	2.18	454.66401544999997
1490650200000	2.1884	2.18	2.1884	2.18	66.271816
1490650620000	2.18	2.1669	2.18	2.1669	334.34064755
1490650800000	2.175	2.175	2.175	2.175	289.2989
1490651340000	2.165	2.165	2.165	2.165	3.245044
1490651400000	2.1731	2.1731	2.1731	2.1731	14.455653
1490651940000	2.1658	2.167	2.1717	2.1658	9.299999999999999
1490652060000	2.1675	2.1675	2.1675	2.1675	0.1
1490652180000	2.1677	2.1806	2.1809	2.1677	626.7912652699999
1490652240000	2.1694	2.1695	2.1713	2.1694	1524.4448999999997
1490652300000	2.1704	2.1501	2.1713	2.1501	2342.8259322699996
1490652360000	2.1501	2.1506	2.1506	2.1501	326.00442599999997
1490652420000	2.1501	2.1501	2.1501	2.1501	2640.40648556
1490652480000	2.15	2.14	2.15	2.14	2604.8994849899977
1490652540000	2.1401	2.14	2.1472	2.14	1164.869597
1490652600000	2.14	2.14	2.14	2.14	406.002139
1490652720000	2.14	2.14	2.14	2.14	287.731779
1490652840000	2.1348	2.1348	2.1348	2.1348	9.11
1490652900000	2.1346	2.1377	2.1377	2.1185	3923.2966176400005
1490652960000	2.136	2.1209	2.136	2.1205	1655.6449518299999
1490653020000	2.137	2.1213	2.1371	2.1213	3913.28809459
1490653080000	2.1254	2.1254	2.1254	2.1254	1000.0
1490653140000	2.1255	2.1257	2.1257	2.1255	1015.16751
1490653440000	2.1301	2.1301	2.1301	2.1301	2.5
1490653560000	2.13	2.1295	2.13	2.1295	712.607
1490653620000	2.1279	2.1279	2.1279	2.1279	0.30000000000000004
1490653680000	2.1258	2.1258	2.1258	2.1258	14.14055884
1490653740000	2.12	2.1201	2.1201	2.12	2439.147859
1490653800000	2.1202	2.1201	2.1309	2.1201	180.49598799999998
1490653860000	2.12	2.12	2.12	2.12	31.460379
1490653980000	2.12	2.12	2.1201	2.12	1576.0882720000002
1490654040000	2.1202	2.1185	2.1225	2.1185	1483.593053999999
1490654100000	2.1186	2.1185	2.1187	2.1185	470.517433
1490654160000	2.1185	2.1185	2.1185	2.1185	127.953552
1490654220000	2.1186	2.1126	2.1186	2.1126	150.31761172000006
1490654340000	2.1167	2.1167	2.1167	2.1167	174.414763
1490654400000	2.1167	2.1167	2.1167	2.1167	325.585237
1490654460000	2.1168	2.1181	2.1181	2.1168	1349.6703790000001
1490654520000	2.1125	2.103	2.1125	2.103	828.9892990000008
1490654580000	2.107	2.107	2.107	2.107	0.1
1490654700000	2.1011	2.1001	2.1011	2.1001	3670.920513
1490654760000	2.1001	2.1	2.1001	2.1	4790.27846519
1490654820000	2.1	2.1	2.1	2.1	1234.817131
1490654880000	2.1	2.1	2.1	2.1	1537.8534849600003
1490654940000	2.1	2.1	2.1	2.1	1977.0514999999998
1490655060000	2.1015	2.111	2.1117	2.1015	355.8977
1490655120000	2.1025	2.1025	2.1143	2.1025	7.280000000000001
1490655360000	2.107	2.1	2.107	2.1	8017.267936999999
1490655420000	2.101	2.101	2.101	2.101	1.0
1490655480000	2.101	2.1	2.101	2.1	140.565414
1490655540000	2.1	2.1023	2.1023	2.1	8121.699723
1490655660000	2.1151	2.1033	2.1152	2.1033	300.713629
1490655780000	2.109	2.109	2.109	2.109	1.68
1490655840000	2.1189	2.1113	2.1189	2.1113	556.99957
1490655900000	2.1188	2.103	2.1214	2.103	1812.5628689099997
1490655960000	2.102	2.117	2.117	2.102	1075.138391
1490656020000	2.1302	2.1175	2.1302	2.107	455.06098800000007
1490656080000	2.1075	2.1229	2.1229	2.1075	1.1
1490656140000	2.1189	2.1189	2.1189	2.1189	1.0
1490656200000	2.1075	2.1183	2.1192	2.1075	23.787044
1490656320000	2.1209	2.1209	2.1209	2.1209	1.0
1490656440000	2.1066	2.1108	2.1108	2.1066	4.9996
1490656680000	2.103	2.1031	2.1031	2.103	0.2
1490656800000	2.1033	2.1033	2.1033	2.1033	1.04
1490656920000	2.1035	2.103	2.1036	2.103	73.62416888
1490656980000	2.1023	2.1047	2.1047	2.1023	1.9401000000000002
1490657040000	2.105	2.105	2.105	2.105	262.25849999999997
1490657100000	2.105	2.105	2.1055	2.105	1859.0530924799998
1490657160000	2.105	2.105	2.105	2.105	5.266778
1490657220000	2.105	2.105	2.105	2.105	644.009256
1490657280000	2.105	2.105	2.105	2.105	18.0
1490657340000	2.1032	2.1031	2.1032	2.1031	150.0
1490657460000	2.1083	2.1083	2.1083	2.1071	34.538335000000004
1490657520000	2.1083	2.1032	2.1083	2.1032	11.612793
1490657640000	2.1033	2.1033	2.1033	2.1033	0.1
1490657760000	2.1034	2.1034	2.1034	2.1034	10.0
1490658060000	2.1034	2.1033	2.1034	2.1033	19.9
1490658120000	2.1032	2.1029	2.1032	2.1029	49.1152
1490658420000	2.1028	2.1023	2.1029	2.1022	68.96000000000001
1490658480000	2.1058	2.1081	2.1081	2.1058	236.402954
1490658660000	2.101	2.1	2.101	2.1	1695.258
1490658720000	2.1	2.1	2.1	2.1	615.424068
1490658840000	2.1	2.1	2.1	2.1	3.60443033
1490658900000	2.1001	2.1001	2.1001	2.1001	0.1
1490658960000	2.1001	2.1001	2.1001	2.1001	61.126438
1490659020000	2.1002	2.1002	2.1002	2.1002	0.1
1490659080000	2.1002	2.1115	2.1115	2.1002	732.6623099999999
1490659140000	2.1072	2.1072	2.1072	2.1072	0.1
1490659200000	2.112	2.1071	2.112	2.1071	78.32689447
1490659320000	2.1119	2.102	2.1119	2.1019	50.300000000000004
1490659380000	2.1125	2.1125	2.1125	2.1125	100.0
1490659620000	2.1025	2.1025	2.1025	2.1025	0.1
1490659740000	2.1044	2.1044	2.1044	2.1044	0.1
1490659860000	2.1134	2.1134	2.1134	2.1134	292.115296
1490659920000	2.1225	2.1225	2.1225	2.1225	23.27145
1490659980000	2.1161	2.1227	2.1227	2.1161	470.43399900000003
1490660040000	2.1162	2.1162	2.1162	2.1162	0.2
1490660520000	2.1217	2.1217	2.1217	2.1217	4.72262808
1490660580000	2.12	2.12	2.12	2.12	908.0
1490660820000	2.12	2.12	2.12	2.12	92.0
1490660880000	2.1162	2.1162	2.1162	2.1162	1.8
1490660940000	2.1055	2.1055	2.1055	2.1055	0.1
1490661000000	2.106	2.1004	2.106	2.1004	500.0
1490661180000	2.1008	2.1012	2.1012	2.1001	20.300000000000004
1490661240000	2.1016	2.1016	2.1016	2.1016	0.1
1490661780000	2.11	2.11	2.11	2.11	500.0
1490661900000	2.1195	2.1195	2.1195	2.1195	5.592621
1490661960000	2.12	2.125	2.125	2.12	386.54522569
1490662140000	2.1248	2.1249	2.1249	2.1248	902.5956033499999
1490662200000	2.1274	2.1274	2.1274	2.1274	489.55488748
1490662260000	2.1274	2.1274	2.1274	2.1274	34.64885381
1490662500000	2.13	2.1399	2.1399	2.13	136.153871
1490662560000	2.1395	2.14	2.14	2.1395	1000.0
1490662680000	2.14	2.1434	2.1434	2.14	1396.563
1490662920000	2.1499	2.1499	2.1499	2.1499	145.792036
1490662980000	2.1499	2.1499	2.1499	2.1499	2627.982116
1490663040000	2.15	2.15	2.15	2.1499	1327.225848
1490663100000	2.1576	2.1652	2.21	2.1576	29205.137899999998
1490663160000	2.1657	2.1667	2.1667	2.1657	1690.312
1490663220000	2.1738	2.1749	2.1749	2.173	2000.0
1490663280000	2.176	2.176	2.176	2.176	300.0
1490663340000	2.175	2.175	2.175	2.175	48.2021
1490663460000	2.175	2.175	2.175	2.175	451.7979
1490663520000	2.1668	2.1668	2.1668	2.1668	691.671
1490663760000	2.1741	2.174	2.1741	2.174	806.7745
1490663880000	2.1809	2.1801	2.1809	2.1801	731.4005
1490664180000	2.182	2.182	2.182	2.182	51.8006
1490664480000	2.1915	2.1979	2.1979	2.1915	698.005
1490664600000	2.19	2.19	2.19	2.19	100.0
1490664660000	2.1984	2.1985	2.1985	2.1984	75.2792
1490664780000	2.202	2.202	2.202	2.202	48.4454
1490664960000	2.205	2.205	2.205	2.205	2.08090782
1490665080000	2.205	2.205	2.205	2.205	97.91909218
1490665200000	2.2076	2.2076	2.2076	2.2076	9.63689678
1490665260000	2.2092	2.209	2.2095	2.209	60.0
1490665620000	2.2083	2.1945	2.2083	2.1945	103.594201
1490665740000	2.189	2.1793	2.1891	2.1793	564.2076170000003
1490665800000	2.1908	2.2081	2.21	2.1908	3501.43415232
1490665860000	2.2072	2.212	2.212	2.2072	61.08604658
1490665920000	2.1919	2.1919	2.1919	2.1919	0.1
1490666100000	2.2096	2.2129	2.2129	2.2096	650.0
1490666280000	2.1933	2.1933	2.1933	2.1933	0.1
1490666580000	2.2117	2.2118	2.2118	2.2117	615.667923
1490666760000	2.194	2.194	2.194	2.194	0.1
1490667300000	2.199	2.199	2.199	2.199	4.33792071
1490667480000	2.1995	2.1995	2.1995	2.1995	1.0
1490667600000	2.2006	2.2006	2.2006	2.2006	1.708043
1490667660000	2.2071	2.2071	2.2071	2.2071	11.69948596
1490667840000	2.2124	2.2124	2.2124	2.2124	3.619992
1490667900000	2.2015	2.2014	2.2124	2.2014	245.831615
1490667960000	2.2086	2.2014	2.2086	2.2014	7.90633
1490668260000	2.214	2.213	2.214	2.213	13.922584
1490668380000	2.2139	2.2202	2.2245	2.2139	999.9999999999999
1490668500000	2.2072	2.206	2.2072	2.206	360.900776
1490668740000	2.2233	2.2233	2.2233	2.2233	10.0
1490668800000	2.2233	2.2233	2.2233	2.2233	100.0
1490669040000	2.2194	2.2194	2.2194	2.2194	6.444775
1490669100000	2.2194	2.2194	2.2194	2.2194	204.49521
1490669340000	2.2194	2.2194	2.2194	2.2194	5.557819
1490669460000	2.2195	2.2228	2.2228	2.2194	825.88119629
1490669520000	2.2228	2.2249	2.225	2.2228	904.6589999999999
1490669580000	2.2197	2.2197	2.2197	2.2197	317.605784
1490669880000	2.2233	2.2233	2.2233	2.2233	3.76187
1490670840000	2.2315	2.2316	2.2316	2.2315	500.0
1490671380000	2.2188	2.2174	2.2189	2.2174	29.97661287
1490671440000	2.2315	2.2315	2.2315	2.2315	15.0
1490671740000	2.2172	2.2168	2.2173	2.2167	0.7
1490671980000	2.2112	2.2112	2.2112	2.2112	2.0
1490672160000	2.1984	2.1984	2.1984	2.1984	38.39218338
1490673180000	2.1945	2.1945	2.1945	2.1945	128.932935
1490673300000	2.1939	2.1939	2.1939	2.1939	174.947139
1490673360000	2.1976	2.1984	2.2041	2.1976	400.0
1490674980000	2.1979	2.1979	2.1979	2.1979	5.309978
1490675940000	2.2009	2.2029	2.2029	2.2009	644.0
1490676360000	2.2004	2.2004	2.2004	2.2004	4.5537175
1490676540000	2.195	2.195	2.195	2.195	100.0
1490676720000	2.195	2.195	2.195	2.195	204.56492
1490677200000	2.1829	2.183	2.183	2.1827	18.74928
1490677260000	2.183	2.183	2.183	2.183	30.0
1490677380000	2.183	2.183	2.183	2.183	16.637615
1490677440000	2.183	2.1846	2.1846	2.183	125.12794919000001
1490677680000	2.1846	2.1846	2.1846	2.1846	315.315316
1490677920000	2.1848	2.183	2.1848	2.183	234.890479
1490678160000	2.1826	2.1815	2.1826	2.1815	7.110854939999999
1490678460000	2.182	2.182	2.182	2.182	179.0
1490678700000	2.1814	2.181	2.1814	2.181	5.64338039
1490679060000	2.1737	2.1737	2.1737	2.1737	10.0
1490679360000	2.1623	2.1623	2.1623	2.1623	535.995
1490679420000	2.162	2.1461	2.162	2.1461	433.10765918999994
1490679720000	2.1741	2.1741	2.1741	2.1741	0.1
1490679780000	2.1625	2.159	2.1625	2.159	1141.1272999999999
1490679840000	2.1596	2.1597	2.1597	2.1593	3146.05236436
1490680020000	2.1597	2.1597	2.1597	2.1597	0.46
1490680140000	2.1515	2.1655	2.1655	2.1515	89.11955716
1490680380000	2.1491	2.1491	2.1491	2.1491	13.98725047
1490680440000	2.1407	2.1407	2.1407	2.1407	9.11
1490680500000	2.1412	2.1435	2.1595	2.1412	1000.3000000000001
1490680620000	2.1435	2.1435	2.1435	2.1435	9.11
1490680740000	2.146	2.1551	2.1552	2.146	914.6778429999999
1490680800000	2.1483	2.1483	2.1483	2.1483	0.1
1490680920000	2.148	2.148	2.148	2.148	0.1
1490681160000	2.1549	2.1549	2.1549	2.1549	15.30791414
1490681280000	2.1619	2.1619	2.1619	2.1619	26.876599
1490681460000	2.175	2.1807	2.1807	2.175	229.0
1490681520000	2.174	2.174	2.174	2.174	168.78611771
1490681940000	2.1617	2.1741	2.1743	2.1617	690.277
1490682000000	2.1811	2.1811	2.1811	2.1811	129.6836
1490682300000	2.1745	2.1745	2.1745	2.1745	150.342815
1490682420000	2.1745	2.1745	2.1745	2.1745	2.481684
1490682480000	2.1745	2.1745	2.1745	2.1745	16.427812
1490682540000	2.1745	2.1745	2.1745	2.1745	558.094846
1490682600000	2.1745	2.1745	2.1745	2.1745	108.827914
1490683020000	2.1746	2.18	2.18	2.1746	15.0
1490683260000	2.1746	2.1746	2.1746	2.1746	2.851534
1490683560000	2.1746	2.1746	2.1746	2.1746	1.7562
1490683620000	2.1747	2.1751	2.1751	2.1747	5.0
1490683740000	2.1746	2.1776	2.1776	2.1746	1186.627
1490683860000	2.1874	2.1874	2.1874	2.1874	200.0
1490684040000	2.1874	2.1874	2.1874	2.1874	20.0
1490684220000	2.1782	2.1875	2.1875	2.1782	171.82413
1490684580000	2.1875	2.1876	2.1876	2.1875	732.75
1490684640000	2.189	2.189	2.189	2.189	168.61733159
1490684880000	2.189	2.189	2.189	2.189	431.380727
1490685120000	2.189	2.1876	2.189	2.1876	541.26791
1490685240000	2.1876	2.1876	2.1876	2.1876	17.166779000000002
1490685360000	2.1876	2.1876	2.1876	2.1876	806.325
1490685420000	2.1876	2.1876	2.1876	2.1876	1.006425
1490685540000	2.1876	2.1876	2.1876	2.1876	0.48959186
1490685600000	2.1876	2.1876	2.1876	2.1876	200.0
1490685660000	2.1876	2.1876	2.1876	2.1876	2180.097375
1490685780000	2.19	2.1876	2.19	2.1876	1343.583
1490685840000	2.1876	2.1876	2.1876	2.1876	13.084345
1490685900000	2.1876	2.1876	2.1876	2.1876	18.345631
1490685960000	2.1876	2.1876	2.1876	2.1876	6.012476
1490686020000	2.1876	2.1876	2.1876	2.1876	12.911283
1490686080000	2.1876	2.1876	2.1876	2.1876	2.0523730000000002
1490686140000	2.1876	2.173	2.1876	2.173	326.5227249100004
1490686200000	2.173	2.173	2.173	2.173	0.3297
1490686440000	2.1729	2.1721	2.173	2.1608	50.0
1490686620000	2.19	2.19	2.19	2.19	50.0
1490686680000	2.1685	2.1685	2.1685	2.1685	1.00084603
1490686800000	2.1685	2.1685	2.1685	2.1685	2.0
1490686980000	2.1685	2.1685	2.1685	2.1685	1.61985952
1490688120000	2.165	2.165	2.165	2.165	3.685037
1490688840000	2.1676	2.1683	2.1683	2.1676	100.0
1490688900000	2.165	2.165	2.165	2.165	41.1646
1490688960000	2.165	2.165	2.165	2.165	81.6462
1490689020000	2.165	2.165	2.165	2.165	80.6027
1490689080000	2.165	2.165	2.165	2.165	119.12120000000002
1490689140000	2.165	2.165	2.165	2.165	77.424
1490689200000	2.165	2.165	2.165	2.165	37.8202
1490689260000	2.165	2.165	2.165	2.165	37.5169
1490689320000	2.165	2.165	2.165	2.165	1.312529
1490689500000	2.172	2.1722	2.1722	2.172	763.0992
1490689980000	2.1716	2.1725	2.1725	2.1716	475.72591500000004
1490690280000	2.1749	2.1827	2.1827	2.1746	522.132309
1490690340000	2.1779	2.1768	2.1827	2.1767	1405.0039490000001
1490690400000	2.1771	2.1772	2.1772	2.1769	627.6357
1490690460000	2.1771	2.1779	2.1783	2.1769	1154.7691
1490690520000	2.1781	2.1827	2.1827	2.1779	671.690553
1490690580000	2.1783	2.1827	2.1827	2.1783	581.916
1490690640000	2.1783	2.1783	2.1783	2.1783	180.0132
1490690700000	2.177	2.1827	2.1827	2.1764	893.22198
1490691000000	2.1721	2.1767	2.1767	2.1721	521.621
1490691060000	2.179	2.1779	2.179	2.1779	165.03390000000002
1490691120000	2.1816	2.1817	2.1817	2.1816	60.800177000000005
1490691240000	2.1801	2.1805	2.1805	2.1801	444.84319999999997
1490691300000	2.1823	2.1824	2.1824	2.1822	673.7280000000001
1490691480000	2.18	2.1799	2.18	2.1799	672.8584999999999
1490692020000	2.1768	2.1768	2.1768	2.1768	102.46210048
1490692080000	2.1862	2.1875	2.1875	2.1862	366.185376
1490692200000	2.1875	2.1875	2.1875	2.1875	25.0
1490692260000	2.1793	2.1793	2.1793	2.1793	4.5978
1490692920000	2.165	2.165	2.165	2.165	3496.215516
1490692980000	2.165	2.1625	2.165	2.1625	795.82918015
1490693040000	2.1458	2.1466	2.1466	2.1458	11.0
1490693460000	2.1583	2.16	2.16	2.1583	99.99999999999999
1490693700000	2.159	2.159	2.159	2.159	0.5
1490693760000	2.151	2.1511	2.1511	2.151	31.470041
1490693880000	2.1504	2.1504	2.1504	2.1504	1.007612
1490694060000	2.1503	2.1604	2.1604	2.15	74.3782
1490694600000	2.148	2.148	2.148	2.148	43.7377
1490694720000	2.1554	2.1554	2.1554	2.1554	12.884421
1490694780000	2.1538	2.157	2.157	2.1538	1809.64985058
1490694840000	2.154	2.157	2.157	2.154	1732.06597455
1490694900000	2.1575	2.158	2.1581	2.1574	417.204295
1490694960000	2.158	2.158	2.158	2.158	857.396705
1490695080000	2.1534	2.153	2.1535	2.153	206.0
1490695140000	2.151	2.151	2.151	2.151	10.0
1490695200000	2.149	2.145	2.149	2.145	29.436999999999998
1490695260000	2.145	2.1437	2.145	2.1437	15.236507
1490695320000	2.1375	2.1375	2.1375	2.1375	123.604793
1490695500000	2.1331	2.1331	2.1331	2.1331	111.429495
1490695620000	2.1329	2.1328	2.1331	2.1328	21.012565000000002
1490695680000	2.141	2.141	2.141	2.141	3.0
1490696280000	2.1472	2.1473	2.1473	2.1472	300.0
1490696340000	2.143	2.143	2.143	2.143	14.67568828
1490696400000	2.145	2.145	2.145	2.145	36.43613118
1490696460000	2.141	2.139	2.141	2.139	15.689854
1490696520000	2.139	2.135	2.139	2.135	30.301639
1490696640000	2.1351	2.135	2.1351	2.135	280.10368861
1490696700000	2.135	2.1325	2.135	2.1325	716.287807
1490696760000	2.1324	2.1312	2.1324	2.1312	2.99
1490696820000	2.1338	2.1338	2.1338	2.1338	46.739893
1490696880000	2.1305	2.1274	2.1305	2.1274	644.324114
1490696940000	2.1274	2.1274	2.1274	2.1274	601.17449463
1490697000000	2.1133	2.1133	2.1133	2.1133	3.33
1490697180000	2.1131	2.1131	2.1131	2.1131	3.0
1490697600000	2.1132	2.114	2.114	2.1132	0.2
1490697660000	2.115	2.115	2.115	2.115	0.1
1490697780000	2.116	2.115	2.119	2.115	351.51182944000004
1490697900000	2.1125	2.1122	2.1125	2.1122	123.33958578999999
1490698080000	2.112	2.1111	2.112	2.1111	19.909999999999997
1490698140000	2.111	2.1103	2.111	2.1103	2.0200000000000005
1490698320000	2.1137	2.1103	2.1137	2.1103	79.93034899999999
1490698380000	2.1103	2.1126	2.1126	2.1103	707.2660000000001
1490698500000	2.1103	2.1103	2.1103	2.1103	3.5
1490698560000	2.1102	2.11	2.1102	2.11	0.2
1490698620000	2.1099	2.1096	2.1099	2.1096	0.4
1490698680000	2.1095	2.1093	2.1095	2.1093	0.4
1490698800000	2.1103	2.1103	2.1103	2.1103	5.60999839
1490698920000	2.1131	2.1131	2.1131	2.1131	143.876822
1490698980000	2.1104	2.1104	2.1104	2.1104	9.11
1490699160000	2.1111	2.1111	2.1111	2.1111	0.21
1490699220000	2.1111	2.111	2.1111	2.111	364.44429999999994
1490699280000	2.111	2.1103	2.111	2.1103	137.3357
1490699400000	2.1112	2.1112	2.1112	2.1112	0.2095
1490699460000	2.1112	2.1116	2.1116	2.1097	417.55710449
1490699520000	2.1095	2.1371	2.1371	2.1081	3.4316554700000004
1490699640000	2.108	2.1067	2.108	2.1067	2.4644369900000003
1490700000000	2.1078	2.106	2.1078	2.106	1238.5566140000003
1490700060000	2.1094	2.1094	2.1094	2.1094	157.157157
1490700180000	2.1135	2.1135	2.1135	2.1135	1.0
1490700240000	2.106	2.106	2.1119	2.1045	26.426804709999992
1490700360000	2.1144	2.1078	2.1144	2.1078	718.009
1490700480000	2.1266	2.1266	2.1266	2.1266	59.211098
1490700600000	2.1218	2.1218	2.1218	2.1218	4.3181
1490700660000	2.1269	2.1269	2.1269	2.1269	25.0
1490700960000	2.125	2.125	2.125	2.125	23.682
1490701020000	2.1269	2.1399	2.1404	2.1269	379.03499954
1490701320000	2.1322	2.1322	2.1322	2.1322	0.23
1490701380000	2.1341	2.1341	2.1341	2.1341	0.23
1490701680000	2.15	2.15	2.1512	2.15	2005.27612816
1490701740000	2.15	2.15	2.15	2.15	1564.7883000000002
1490702040000	2.1519	2.1519	2.1519	2.1519	9.126585
1490702100000	2.1549	2.1549	2.1549	2.1549	6.763764
1490702460000	2.1557	2.1557	2.1557	2.1557	3.14
1490702580000	2.16	2.16	2.16	2.16	0.86
1490702700000	2.155	2.155	2.155	2.155	100.0
1490702760000	2.1501	2.15	2.1522	2.15	1273.094428
1490702820000	2.15	2.15	2.15	2.15	308.5433
1490702880000	2.15	2.15	2.15	2.15	302.4091
1490702940000	2.15	2.15	2.15	2.15	879.205
1490703000000	2.15	2.15	2.15	2.15	2224.510325
1490703240000	2.1431	2.143	2.1431	2.143	98.59859499999999
1490703360000	2.146	2.14	2.146	2.14	101.92495500000001
1490703660000	2.1465	2.1465	2.1465	2.1465	243.453745
1490703780000	2.1378	2.1378	2.1378	2.1378	3.14
1490703840000	2.1375	2.1375	2.1375	2.1375	100.0
1490704860000	2.1381	2.1381	2.1381	2.1381	0.94
1490705580000	2.1505	2.1505	2.1505	2.1505	5.15938153
1490705700000	2.151	2.151	2.151	2.151	328.7208
1490705760000	2.151	2.151	2.151	2.151	128.9666
1490705820000	2.1541	2.151	2.1541	2.151	127.874
1490705940000	2.1576	2.1552	2.1576	2.1552	191.9724
1490706060000	2.158	2.158	2.158	2.158	0.1
1490706120000	2.1469	2.152	2.152	2.1469	1474.7778759999999
1490706240000	2.149	2.15	2.15	2.149	1000.0
1490706300000	2.1528	2.1528	2.1528	2.1528	0.1
1490706600000	2.159	2.159	2.159	2.159	20.0
1490706720000	2.1592	2.1581	2.1627	2.1581	80.2
1490706780000	2.1465	2.1643	2.1643	2.1465	72.33348699999999
1490707200000	2.1465	2.1465	2.1465	2.1465	63.931413
1490707440000	2.1491	2.1491	2.1491	2.1491	317.7185
1490707500000	2.1499	2.15	2.1532	2.1499	306.80421572
1490707620000	2.1609	2.1609	2.1609	2.1609	0.1
1490707740000	2.1535	2.1601	2.1601	2.15	4531.945900000001
1490707860000	2.1622	2.1636	2.1636	2.162	328.43580299999996
1490707920000	2.1636	2.1674	2.1674	2.1576	3872.7654553499997
1490707980000	2.1681	2.1688	2.1688	2.1681	105.937119
1490708040000	2.1689	2.1687	2.1689	2.1687	157.346868
1490708100000	2.1687	2.1752	2.1752	2.1687	142.784285
1490708160000	2.1758	2.1811	2.1811	2.1758	4.9776
1490708220000	2.1789	2.1928	2.1928	2.1789	3591.5094
1490708400000	2.185	2.185	2.185	2.185	0.71571547
1490708460000	2.1906	2.1906	2.1906	2.1906	0.1
1490708520000	2.185	2.185	2.185	2.185	259.28428453
1490708580000	2.1848	2.185	2.185	2.1848	1300.5436
1490708640000	2.185	2.1869	2.1869	2.1764	2338.4684
1490708700000	2.1885	2.1881	2.1887	2.1881	443.3787
1490708760000	2.1707	2.1707	2.1707	2.1707	200.0
1490708940000	2.1665	2.1665	2.1665	2.1665	4.62497115
1490709300000	2.1891	2.1891	2.1891	2.1891	1000.0
1490709480000	2.1907	2.1907	2.1907	2.1907	0.1
1490709720000	2.1905	2.193	2.1931	2.1776	2812.11089696
1490709900000	2.1964	2.1976	2.1976	2.1964	333.750975
1490709960000	2.1985	2.1985	2.1985	2.1985	0.1
1490710080000	2.1985	2.2	2.2	2.1985	241.54163422
1490710140000	2.2016	2.202	2.202	2.2016	68.47362500000001
1490710200000	2.201	2.201	2.202	2.201	135.0
1490710320000	2.2017	2.2014	2.2017	2.2014	201.0
1490710380000	2.1981	2.1954	2.1981	2.1927	1633.7564999999997
1490710440000	2.193	2.1939	2.196	2.1929	967.7472839999998
1490710500000	2.1959	2.1957	2.1959	2.1957	153.090349
1490710560000	2.196	2.1939	2.196	2.1939	384.32040022
1490710680000	2.2032	2.2024	2.2038	2.2024	486.26747600000004
1490710740000	2.2038	2.2042	2.2042	2.2022	474.06833900000004
1490710800000	2.204	2.211	2.211	2.2033	2118.3788020000006
1490710860000	2.205	2.211	2.211	2.205	431.53353599
1490710920000	2.211	2.211	2.211	2.2109	411.21473100000003
1490710980000	2.211	2.2141	2.2141	2.2109	995.2258517900001
1490711040000	2.2143	2.2143	2.2143	2.2143	0.1
1490711220000	2.2143	2.2199	2.2199	2.2143	395.2843808299999
1490711280000	2.22	2.2243	2.2243	2.2199	1738.2376995600002
1490711340000	2.2241	2.2244	2.2244	2.2241	42.15128
1490711400000	2.2243	2.2244	2.2244	2.2243	698.61316904
1490711460000	2.2256	2.2257	2.2257	2.2256	24.19788655
1490711520000	2.2293	2.233	2.233	2.2293	227.95597096
1490711580000	2.2329	2.2374	2.238	2.2329	308.4792138
1490711640000	2.238	2.2434	2.2434	2.238	312.59457007000003
1490711700000	2.2434	2.2477	2.2477	2.2434	328.28292323999995
1490711760000	2.249	2.249	2.2499	2.2339	1634.9195753499998
1490711820000	2.249	2.249	2.249	2.249	1044.1148959900002
1490711880000	2.2499	2.2498	2.2499	2.2498	36.262
1490711940000	2.2499	2.2498	2.2499	2.2498	265.375
1490712000000	2.2499	2.2498	2.2499	2.2498	128.88857103
1490712060000	2.2498	2.2498	2.2498	2.2498	90.18844299999999
1490712120000	2.2498	2.2498	2.2499	2.2498	2745.9160778900005
1490712180000	2.2498	2.2499	2.2499	2.2498	1104.303061
1490712240000	2.2498	2.2303	2.2498	2.2303	2819.40885042
1490712300000	2.248	2.2443	2.248	2.2443	1.9816118299999999
1490712360000	2.2379	2.23	2.2379	2.23	17.65140148
1490712420000	2.23	2.2295	2.23	2.2295	1.85638353
1490712480000	2.2299	2.2363	2.2363	2.2299	266.80923032
1490712540000	2.2355	2.2383	2.2388	2.2355	222.76847533
1490712600000	2.2381	2.2469	2.2469	2.2381	246.84136532
1490712660000	2.2443	2.2397	2.2443	2.2397	1.98636995
1490712720000	2.2383	2.2375	2.2383	2.2375	31.92482085
1490712780000	2.2331	2.2341	2.2351	2.23	104.78144045
1490712840000	2.2352	2.2347	2.2369	2.2347	7.34925971
1490712900000	2.234	2.2339	2.234	2.2339	52.12140042
1490712960000	2.23	2.23	2.235	2.23	1116.3618038099999
1490713020000	2.2279	2.2204	2.2279	2.2204	2.21835851
1490713080000	2.2187	2.232	2.2336	2.2187	304.47261918000004
1490713140000	2.2256	2.2256	2.2256	2.2256	50.0
1490713200000	2.2267	2.2267	2.2267	2.2267	30.674253
1490713260000	2.22	2.22	2.22	2.22	200.0
1490713320000	2.2304	2.2304	2.2304	2.2304	0.1
1490714040000	2.223	2.214	2.223	2.214	4000.0
1490714100000	2.2107	2.211	2.2196	2.2107	31.197393
1490714160000	2.2115	2.223	2.223	2.21	1000.1000000000001
1490714280000	2.227	2.21	2.227	2.21	17.326745
1490714340000	2.2228	2.2228	2.2228	2.2228	0.1
1490714400000	2.21	2.2192	2.2192	2.21	400.1
1490714520000	2.2193	2.21	2.2193	2.21	139.57069575
1490714700000	2.2172	2.2286	2.23	2.2171	5543.86744179
1490714820000	2.2134	2.2134	2.2134	2.2134	23.0
1490714880000	2.21	2.21	2.21	2.21	200.0
1490715240000	2.2129	2.21	2.2129	2.21	159.4367
1490715420000	2.2125	2.2125	2.2125	2.2125	50.0
1490715540000	2.2157	2.2246	2.2246	2.2157	1004.5445
1490715600000	2.2367	2.2367	2.2367	2.2367	1.0
1490715660000	2.2376	2.2392	2.2401	2.2376	584.06214232
1490715780000	2.2432	2.2432	2.2432	2.2432	0.1
1490715840000	2.23	2.23	2.23	2.23	50.0
1490715900000	2.2287	2.2287	2.2287	2.2287	0.1
1490715960000	2.2322	2.2322	2.2322	2.2322	0.1
1490716020000	2.2245	2.2286	2.2286	2.2245	0.2
1490716080000	2.2256	2.2255	2.2356	2.2254	1965.5905384500002
1490716140000	2.2224	2.2224	2.2224	2.2224	1.440423
1490716200000	2.2256	2.2256	2.2256	2.2256	0.1
1490716260000	2.22	2.22	2.22	2.22	73.387173
1490716440000	2.2231	2.223	2.2231	2.223	2510.874315
1490716500000	2.223	2.2229	2.223	2.2229	1746.791
1490716560000	2.223	2.2263	2.2263	2.223	6.80047
1490716620000	2.2387	2.2387	2.2387	2.2387	0.1
1490716680000	2.2394	2.2394	2.2394	2.2394	0.1
1490716920000	2.23	2.23	2.23	2.23	11.0
1490717040000	2.2274	2.227	2.2274	2.227	64.7098
1490717160000	2.2255	2.2256	2.229	2.2207	564.3894220000001
1490717280000	2.2207	2.225	2.225	2.2207	711.9358000000001
1490717340000	2.225	2.2399	2.2399	2.225	148.7831
1490717640000	2.232	2.2399	2.2399	2.232	33.0295
1490717820000	2.2308	2.2308	2.2308	2.2308	0.1
1490717880000	2.233	2.2378	2.2382	2.2279	1.0
1490717940000	2.2327	2.2292	2.2327	2.2275	10.1
1490718000000	2.2334	2.2334	2.2334	2.2334	0.1
1490718060000	2.2349	2.2271	2.24	2.2271	124.25350599999999
1490718120000	2.227	2.2276	2.2281	2.2269	52.546619
1490718180000	2.2275	2.2311	2.2311	2.227	96.47370099999999
1490718240000	2.2268	2.2263	2.2268	2.2263	0.6
1490718300000	2.2262	2.226	2.2262	2.226	0.30000000000000004
1490718360000	2.2259	2.2317	2.2317	2.2256	30.283227999999998
1490718480000	2.24	2.24	2.24	2.24	0.1
1490718540000	2.2365	2.2365	2.2365	2.2365	4.48021462
1490718720000	2.24	2.24	2.24	2.24	0.1
1490718840000	2.24	2.24	2.24	2.24	255.88286493
1490718960000	2.24	2.24	2.24	2.24	2297.098106
1490719020000	2.2426	2.2432	2.2432	2.2426	78.028052
1490719500000	2.2408	2.2408	2.2408	2.2408	148.7
1490719620000	2.2298	2.225	2.241	2.225	2999.9999999999995
1490719740000	2.2389	2.2389	2.2389	2.2389	100.0
1490719860000	2.2457	2.2456	2.2457	2.2456	56.831900000000005
1490720100000	2.2463	2.2475	2.2499	2.2463	151.78171350000002
1490720220000	2.2485	2.2485	2.2485	2.2485	5.0
1490720520000	2.2491	2.249	2.2491	2.249	90.0
1490720580000	2.2492	2.2492	2.2492	2.2492	15.0
1490720640000	2.25	2.25	2.25	2.25	90.521832
1490721120000	2.25	2.25	2.25	2.25	1055.3800999999999
1490721180000	2.25	2.25	2.25	2.25	874.997
1490721240000	2.25	2.25	2.25	2.25	20.5367122
1490721300000	2.25	2.25	2.25	2.25	100.0
1490721420000	2.25	2.25	2.25	2.25	6.21345462
1490721480000	2.25	2.25	2.25	2.25	848.001
1490721540000	2.25	2.25	2.25	2.25	1013.63004
1490721600000	2.25	2.25	2.25	2.25	65.37982
1490721660000	2.25	2.25	2.25	2.25	146.56622
1490721720000	2.25	2.25	2.25	2.25	5778.77382118
1490721780000	2.2519	2.2519	2.2523	2.2519	1.0
1490722020000	2.2523	2.2523	2.2523	2.2523	1.22935197
1490722080000	2.2525	2.263	2.263	2.2525	369.52215065
1490722140000	2.2583	2.258	2.2744	2.258	1889.2911
1490722200000	2.2674	2.2715	2.2715	2.26	1146.371
1490722260000	2.2614	2.2614	2.2614	2.2614	37.759315
1490722380000	2.2613	2.2613	2.2613	2.2613	83.1497
1490722440000	2.2605	2.2665	2.2666	2.2605	46.074
1490722500000	2.2625	2.2622	2.2625	2.2622	99.581634
1490722560000	2.2624	2.2625	2.2625	2.2624	131.59730499999998
1490722620000	2.2624	2.275	2.275	2.2624	1353.12900778
1490722980000	2.2752	2.2752	2.2752	2.2752	5.88313743
1490723100000	2.2752	2.2753	2.2753	2.2752	588.9599229
1490723160000	2.2744	2.275	2.283	2.2744	2437.9655689700003
1490723220000	2.278	2.2819	2.2819	2.278	1216.0
1490723280000	2.2797	2.2797	2.2797	2.2797	500.0
1490723340000	2.285	2.2854	2.2854	2.283	500.0
1490723400000	2.2862	2.2875	2.2875	2.2862	29.896828720000002
1490723460000	2.2862	2.2862	2.2862	2.2862	8.572287
1490723520000	2.2862	2.2862	2.287	2.2862	534.879324
1490723580000	2.2862	2.2862	2.2862	2.2862	100.0
1490723640000	2.2875	2.2899	2.29	2.2874	900.0
1490723700000	2.2862	2.2868	2.2868	2.2862	1517.9571179999998
1490723760000	2.275	2.275	2.275	2.275	9.974823
1490723880000	2.2868	2.2868	2.2868	2.2868	565.553883
1490723940000	2.285	2.285	2.285	2.285	500.0
1490724000000	2.281	2.28	2.281	2.28	2083.94623669
1490724060000	2.28	2.28	2.28	2.28	250.161553
1490724120000	2.282	2.282	2.282	2.282	140.7569
1490724240000	2.2864	2.2864	2.2864	2.2864	2.0
1490724300000	2.2752	2.2753	2.2753	2.2752	340.94718552
1490724360000	2.2753	2.2751	2.2753	2.2751	71.77997239
1490724600000	2.2826	2.2826	2.2826	2.2826	0.1
1490724660000	2.284	2.284	2.284	2.284	235.814598
1490724720000	2.284	2.284	2.2857	2.284	78.004709
1490724780000	2.286	2.286	2.286	2.286	0.1
1490724840000	2.2872	2.2852	2.2873	2.2785	2205.6147790000005
1490724900000	2.2807	2.2807	2.2807	2.2807	10.0
1490725020000	2.2785	2.2785	2.279	2.2785	1692.9924286
1490725080000	2.2785	2.278	2.2785	2.278	662.85289396
1490725140000	2.278	2.278	2.278	2.278	444.1547
1490725200000	2.2752	2.2754	2.2754	2.2752	770.6189852800001
1490725260000	2.2754	2.275	2.2754	2.275	188.19707699999998
1490725440000	2.2635	2.263	2.2643	2.263	816.93332255
1490725740000	2.263	2.263	2.263	2.263	200.0
1490725860000	2.263	2.263	2.263	2.263	125.227
1490725980000	2.263	2.263	2.263	2.263	100.0
1490726100000	2.27	2.27	2.27	2.27	100.0
1490726220000	2.2632	2.263	2.2632	2.263	495.137845
1490726340000	2.2631	2.2631	2.2631	2.2631	60.7987
1490726400000	2.2631	2.263	2.2631	2.263	210.1388
1490726460000	2.263	2.2628	2.263	2.2615	1204.6551940000002
1490726580000	2.2644	2.2672	2.2672	2.264	132.537624
1490726640000	2.2677	2.2677	2.2677	2.2677	67.8628
1490727240000	2.2629	2.2629	2.2629	2.2629	21.46884428
1490727300000	2.259	2.2578	2.259	2.2577	200.68999999999997
1490727360000	2.2576	2.256	2.2576	2.256	3.91
1490727420000	2.25	2.25	2.25	2.25	2435.9863619999996
1490727480000	2.25	2.247	2.25	2.247	3521.6288921900004
1490727540000	2.2371	2.2463	2.247	2.2371	126.885628
1490727960000	2.25	2.25	2.25	2.25	8.65582
1490728020000	2.25	2.25	2.25	2.25	10.0
1490728080000	2.25	2.25	2.25	2.25	76.44763499999999
1490728200000	2.2488	2.2466	2.2488	2.2466	13.6064516
1490728620000	2.225	2.225	2.2251	2.225	264.15213
1490728740000	2.2251	2.2251	2.2251	2.2251	481.294563
1490728860000	2.232	2.2275	2.232	2.2251	1362.12897
1490729100000	2.25	2.25	2.25	2.25	97.980482
1490729280000	2.2316	2.2316	2.2316	2.2316	1.000997
1490729520000	2.245	2.245	2.245	2.245	88.3367
1490729580000	2.245	2.245	2.245	2.245	433.5328
1490729640000	2.245	2.2368	2.245	2.2368	1401.5949
1490729760000	2.2378	2.238	2.238	2.2378	745.4368999999999
1490729880000	2.24	2.2489	2.2489	2.24	1274.973732
1490730120000	2.25	2.25	2.25	2.25	3114.797434
1490730180000	2.25	2.2671	2.2671	2.25	1666.2848764100002
1490730240000	2.2688	2.2688	2.2688	2.2688	76.1088
1490730300000	2.27	2.2728	2.2728	2.27	314.3572
1490730360000	2.2704	2.2727	2.2727	2.2704	92.5
1490730420000	2.2718	2.2718	2.2718	2.2718	22.536089
1490730480000	2.2717	2.2714	2.2732	2.2714	118.945424
1490730540000	2.2782	2.2782	2.2782	2.2782	66.2477
1490730600000	2.2844	2.27	2.2845	2.27	873.2579939999999
1490730660000	2.2766	2.2727	2.2766	2.27	302.2151403
1490730720000	2.27	2.27	2.27	2.27	619.9437
1490730780000	2.27	2.27	2.27	2.27	243.7298
1490730840000	2.27	2.2705	2.2705	2.27	256.560223
1490730900000	2.27	2.2703	2.2703	2.2625	1114.7151865199999
1490730960000	2.2703	2.272	2.272	2.27	261.43330000000003
1490731020000	2.2754	2.2787	2.2788	2.275	419.65279999999996
1490731200000	2.2791	2.28	2.28	2.2791	585.5443
1490731260000	2.2712	2.28	2.28	2.2712	167.206043
1490731320000	2.28	2.28	2.28	2.28	43.730557
1490731380000	2.28	2.28	2.285	2.28	1849.0540624999999
1490731440000	2.2875	2.2893	2.29	2.2875	482.65562758
1490731620000	2.2883	2.2883	2.2883	2.2883	300.0
1490731740000	2.2888	2.29	2.29	2.2883	3510.2978134200002
1490731860000	2.2888	2.2888	2.2888	2.2888	5.0
1490731980000	2.2883	2.2883	2.2883	2.2883	7.213227
1490732100000	2.288	2.2907	2.2927	2.288	5.0
1490732160000	2.2942	2.3	2.3	2.2941	7500.0
1490732220000	2.295	2.297	2.297	2.295	20.0
1490732340000	2.2875	2.2996	2.2996	2.2841	330.1457280000001
1490732400000	2.3	2.2875	2.3	2.2875	7672.413095999999
1490732460000	2.3	2.3	2.3	2.3	0.1
1490732640000	2.3	2.3	2.3	2.3	169.816291
1490732760000	2.2914	2.2914	2.2914	2.2914	4.003576
1490732880000	2.2937	2.3	2.3	2.2937	850.1086559
1490733000000	2.2997	2.2997	2.2997	2.2997	679.91614366
1490733180000	2.295	2.295	2.295	2.295	10.0
1490733240000	2.3	2.3	2.3	2.3	0.1
1490733480000	2.3	2.3	2.3	2.3	566.700654
1490733540000	2.2995	2.2995	2.2995	2.2995	5.02251
1490733600000	2.3	2.3	2.3	2.2993	1436.9096140299998
1490733660000	2.3	2.32	2.32	2.3	8202.13296255
1490733720000	2.3095	2.314	2.314	2.3095	648.126
1490733780000	2.2989	2.299	2.299	2.2989	84.0
1490733840000	2.3125	2.3125	2.3125	2.3125	100.0
1490733960000	2.3142	2.3142	2.3142	2.3142	7.291212
1490734020000	2.2973	2.3143	2.3143	2.2973	673.930944
1490734080000	2.3162	2.3162	2.3162	2.3162	55.0556
1490734140000	2.3144	2.3186	2.3187	2.3139	256.18450822
1490734200000	2.3167	2.3167	2.3167	2.3167	84.2904
1490734320000	2.3198	2.3198	2.3198	2.3198	67.466913
1490734380000	2.32	2.32	2.32	2.3185	774.896081
1490734440000	2.32	2.32	2.32	2.32	152.62604980999998
1490734500000	2.32	2.32	2.32	2.32	400.51218903
1490734560000	2.32	2.32	2.32	2.32	978.1237030000001
1490734620000	2.3191	2.3191	2.3191	2.3191	100.0
1490734680000	2.3195	2.3231	2.3231	2.3195	344.406
1490734980000	2.3231	2.3231	2.3231	2.3231	0.1
1490735100000	2.3304	2.3328	2.3328	2.3231	144.88701903999998
1490735160000	2.332	2.339	2.339	2.332	5075.50782763
1490735220000	2.339	2.33	2.339	2.33	298.444772
1490735340000	2.332	2.332	2.332	2.332	1242.193958
1490735400000	2.332	2.332	2.332	2.332	859.82418722
1490735460000	2.332	2.332	2.333	2.3301	808.6756478
1490735520000	2.3303	2.3129	2.3303	2.3097	352.12774300000035
1490735760000	2.3097	2.3097	2.3097	2.3097	8.67641775
1490736000000	2.3097	2.2999	2.3097	2.2999	20.0
1490736060000	2.3	2.3	2.3	2.3	20.07213202
1490736240000	2.2905	2.2905	2.2905	2.2905	39.813371
1490736360000	2.2905	2.2826	2.2905	2.2826	665.79712651
1490736900000	2.2948	2.2948	2.2948	2.2948	100.0
1490737200000	2.296	2.296	2.296	2.296	100.0
1490737260000	2.3	2.3	2.3	2.3	12.8006
1490737320000	2.3	2.3	2.3	2.3	47.902423
1490737380000	2.3	2.2999	2.3	2.2999	16.369
1490737440000	2.2999	2.3	2.3	2.2999	1000.0
1490737740000	2.2989	2.2989	2.2989	2.2989	1.0
1490738040000	2.2861	2.2755	2.2888	2.2755	2102.867777
1490738280000	2.2779	2.275	2.2779	2.275	121.886595
1490738400000	2.28	2.28	2.28	2.28	78.832083
1490738460000	2.28	2.28	2.28	2.28	421.167917
1490738520000	2.275	2.2732	2.275	2.2732	80.192008
1490738640000	2.2628	2.2628	2.2628	2.2628	0.70707999
1490738700000	2.2625	2.26	2.2625	2.26	3150.4132
1490738760000	2.2522	2.2522	2.2522	2.2522	8.15166405
1490738880000	2.2518	2.2518	2.2518	2.2518	0.178542
1490739060000	2.2518	2.251	2.2518	2.251	174.27123151
1490739120000	2.2501	2.2501	2.2501	2.2501	100.0
1490739420000	2.251	2.2501	2.2543	2.2501	198.15528742
1490739540000	2.2501	2.2501	2.2501	2.2501	87.16930099999999
1490739660000	2.2501	2.2501	2.2501	2.2501	47.568293
1490739840000	2.2525	2.2525	2.2525	2.2525	2.2525
1490739900000	2.2525	2.2525	2.2525	2.2525	83.291807
1490740080000	2.2524	2.2524	2.2524	2.2524	100.0
1490740380000	2.2525	2.2525	2.2525	2.2525	14.455693
1490740620000	2.2625	2.2625	2.2625	2.2625	209.384787
1490740980000	2.2555	2.2555	2.2555	2.2555	19.05382989
1490741100000	2.2597	2.2597	2.2597	2.2597	323.073621
1490741160000	2.262	2.262	2.262	2.262	104.4297
1490741340000	2.2555	2.2525	2.2555	2.2525	1816.49047711
1490741520000	2.2501	2.2501	2.2501	2.2501	10.0
1490741580000	2.2501	2.2501	2.2501	2.2501	179.16058299999997
1490742000000	2.2501	2.2501	2.2501	2.2501	2.732131
1490742060000	2.2501	2.2501	2.2501	2.2501	50.0
1490742120000	2.2501	2.2501	2.2501	2.2501	323.34343
1490742180000	2.2501	2.2501	2.2501	2.2501	1.005131
1490742300000	2.2501	2.2501	2.2501	2.2501	14.486021
1490742360000	2.2501	2.2501	2.2501	2.2501	8.678131
1490742480000	2.2502	2.25	2.2502	2.25	3751.837403
1490742720000	2.25	2.2498	2.25	2.2498	2.38430592
1490742780000	2.2497	2.2492	2.2497	2.2492	0.6
1490742900000	2.2491	2.2487	2.2491	2.2487	0.4
1490742960000	2.2486	2.2483	2.2486	2.2483	0.4
1490743020000	2.2482	2.2475	2.2482	2.2475	0.7999999999999999
1490743500000	2.2417	2.2446	2.2446	2.2417	2.030786
1490743800000	2.2417	2.24	2.2417	2.24	105.40616999999999
1490743860000	2.2457	2.24	2.251	2.24	300.2
1490743920000	2.2497	2.2497	2.2497	2.2497	0.1
1490744100000	2.2481	2.2481	2.2481	2.2481	1000.0
1490744220000	2.2401	2.2533	2.2533	2.2401	10.1
1490744580000	2.25	2.241	2.2574	2.241	202.28362316
1490744640000	2.2531	2.2522	2.2531	2.245	69.42099999999999
1490744760000	2.2523	2.245	2.2523	2.245	81.23776266
1490744820000	2.241	2.2506	2.2506	2.241	145.96362598000002
1490744880000	2.2529	2.2529	2.2529	2.2529	0.1
1490744940000	2.2498	2.2498	2.2498	2.2498	116.09477289
1490745180000	2.2401	2.25	2.25	2.2401	2041.6800744
1490745480000	2.253	2.253	2.253	2.253	0.1
1490745900000	2.245	2.245	2.245	2.245	100.0
1490745960000	2.251	2.251	2.251	2.251	0.1
1490746140000	2.243	2.243	2.243	2.243	9.975
1490746200000	2.2432	2.2432	2.2432	2.2432	100.0
1490746260000	2.243	2.242	2.243	2.242	110.89685800000001
1490746320000	2.243	2.243	2.243	2.243	100.0
1490746500000	2.242	2.242	2.242	2.242	3.324499
1490746560000	2.242	2.24	2.242	2.24	224.106247
1490746740000	2.25	2.25	2.25	2.25	150.0
1490747280000	2.2499	2.25	2.25	2.2499	133.0075821
1490747340000	2.25	2.25	2.25	2.25	113.54791
1490747400000	2.2515	2.2515	2.2515	2.2515	0.1
1490747580000	2.2668	2.2668	2.2668	2.2668	0.1
1490747700000	2.26	2.2616	2.2616	2.26	136.01941736999999
1490747760000	2.265	2.265	2.265	2.265	624.1003589999999
1490747820000	2.265	2.2654	2.2654	2.265	1012.4754623900001
1490747880000	2.27	2.265	2.27	2.265	481.78578675
1490748000000	2.2623	2.2625	2.2625	2.2623	196.27519999999998
1490748180000	2.2673	2.2717	2.2717	2.2617	1177.1122579999999
1490748300000	2.268	2.268	2.268	2.268	822.9877
1490748360000	2.268	2.268	2.268	2.268	4.2e-05
1490748420000	2.268	2.2697	2.2697	2.268	0.2
1490748720000	2.2749	2.2823	2.2866	2.268	2004.0
1490748840000	2.2748	2.282	2.282	2.2746	595.4918
1490748900000	2.282	2.282	2.282	2.282	178.5281
1490748960000	2.2756	2.2798	2.282	2.2712	1150.0077999999999
1490749320000	2.2706	2.2738	2.2738	2.27	431.66976800000003
1490749380000	2.268	2.2732	2.2732	2.264	4.596499999999999
1490750220000	2.269	2.2704	2.2715	2.269	0.30000000000000004
1490750280000	2.2692	2.2692	2.2692	2.2692	67.6554
1490750340000	2.27	2.27	2.27	2.27	32.3446
1490750400000	2.27	2.2724	2.2724	2.27	67.4253
1490750640000	2.2705	2.27	2.2705	2.27	249.17779822
1490750700000	2.275	2.283	2.283	2.275	2033.79212462
1490750940000	2.2784	2.28	2.28	2.2784	100.0
1490751240000	2.2777	2.2777	2.2777	2.2777	100.0
1490751600000	2.2732	2.2732	2.2732	2.2732	10.0
1490751660000	2.2717	2.2717	2.2717	2.2717	12.2748
1490751780000	2.2713	2.2713	2.2713	2.2713	121.66999999999999
1490751900000	2.2653	2.2647	2.2653	2.2637	194.70909999999998
1490751960000	2.2692	2.2692	2.2692	2.2692	0.1
1490752080000	2.2629	2.2629	2.2629	2.2629	120.858677
1490752200000	2.261	2.26	2.2625	2.26	3944.244144
1490752380000	2.2685	2.2682	2.2685	2.26	2.64652376
1490752440000	2.2695	2.2635	2.2695	2.2635	451.125
1490752560000	2.263	2.263	2.263	2.263	100.0
1490752620000	2.261	2.26	2.261	2.26	165.4125
1490752680000	2.26	2.2633	2.2634	2.26	551.443811
1490752740000	2.2607	2.2628	2.2639	2.26	1127.0850999999998
1490752800000	2.26	2.26	2.26	2.26	501.16769999999997
1490752860000	2.26	2.2537	2.26	2.2537	224.92134317999984
1490753100000	2.2536	2.2536	2.2536	2.2536	8.40542633
1490753160000	2.25	2.25	2.25	2.25	203.1338102
1490753580000	2.25	2.25	2.25	2.25	93.8752
1490753640000	2.25	2.25	2.25	2.25	192.23344454999997
1490753700000	2.25	2.25	2.25	2.25	581.99285794
1490753760000	2.25	2.25	2.25	2.25	33.21802064
1490754300000	2.2431	2.2439	2.2449	2.2431	2120.10463652
1490754360000	2.245	2.2448	2.245	2.2431	2626.78383411
1490754420000	2.2431	2.243	2.2431	2.243	344.692
1490754480000	2.243	2.243	2.243	2.243	1169.824774
1490754540000	2.243	2.243	2.243	2.243	61.429407
1490754660000	2.243	2.243	2.243	2.243	100.0
1490754720000	2.243	2.243	2.243	2.243	200.0
1490754780000	2.243	2.24	2.243	2.24	135.64506963
1490755020000	2.241	2.2454	2.2459	2.241	322.07661437
1490755080000	2.246	2.2493	2.25	2.246	2057.78608301
1490755140000	2.246	2.246	2.246	2.246	10.0
1490755200000	2.244	2.2606	2.2606	2.244	1825.01099534
1490755260000	2.2609	2.2782	2.2782	2.2609	226.91563063
1490755320000	2.2707	2.2705	2.2707	2.2705	913.076
1490755380000	2.271	2.271	2.271	2.271	120.0346
1490755440000	2.2713	2.27	2.2713	2.27	90.384205
1490755560000	2.2753	2.2753	2.2753	2.2753	23.574745
1490755620000	2.2705	2.27	2.2705	2.27	107.128636
1490755680000	2.2727	2.28	2.28	2.2727	411.591347
1490755740000	2.2793	2.2755	2.2793	2.2755	109.293482
1490755800000	2.2796	2.2856	2.2856	2.2784	516.994998
1490755920000	2.2725	2.2725	2.2725	2.2725	9.236
1490755980000	2.2723	2.2717	2.2723	2.27	128.06241500000002
1490756040000	2.271	2.2723	2.2723	2.2707	444.208621
1490756100000	2.2721	2.28	2.28	2.272	1109.46455237
1490756160000	2.2735	2.2795	2.2795	2.2735	272.219343
1490756220000	2.2736	2.2736	2.2736	2.2736	100.0
1490756280000	2.2737	2.2737	2.2737	2.2737	100.0
1490756340000	2.2738	2.2738	2.2738	2.2738	243.34709999999998
1490756460000	2.2726	2.2726	2.2726	2.2726	130.422
1490756580000	2.2727	2.2745	2.2745	2.2727	806.744672
1490756640000	2.275	2.275	2.275	2.275	100.0
1490756820000	2.28	2.28	2.28	2.28	100.0
1490756880000	2.2892	2.289	2.2999	2.2828	2003.0
1490757000000	2.2859	2.2862	2.2884	2.2859	994.0
1490757120000	2.2854	2.2854	2.2854	2.2854	200.0
1490757180000	2.2852	2.2828	2.2852	2.2802	232.94
1490757240000	2.2827	2.2827	2.2827	2.2827	30.0
1490757480000	2.282	2.282	2.282	2.282	1859.0945
1490757600000	2.2809	2.28	2.2809	2.28	15.46473684
1490757660000	2.275	2.275	2.275	2.275	100.0
1490757780000	2.27	2.27	2.27	2.27	129.4242328
1490757960000	2.28	2.28	2.28	2.28	50.0
1490758080000	2.28	2.28	2.28	2.28	1.550306
1490758140000	2.2705	2.2702	2.2705	2.2702	733.1116
1490758200000	2.27	2.2627	2.27	2.2627	374.6529288000005
1490758260000	2.2625	2.2625	2.2625	2.2625	100.0
1490758500000	2.262	2.262	2.262	2.262	135.1859
1490758560000	2.262	2.262	2.262	2.262	202.7744
1490758740000	2.2599	2.26	2.26	2.2599	1000.0
1490758800000	2.253	2.253	2.253	2.253	100.0
1490758860000	2.26	2.26	2.26	2.26	3.0
1490759040000	2.26	2.26	2.26	2.26	216.197482
1490759100000	2.26	2.26	2.26	2.26	161.869426
1490759280000	2.2626	2.2576	2.2629	2.2576	1161.392576
1490759820000	2.2619	2.2619	2.2619	2.2619	1.7
1490759880000	2.271	2.271	2.271	2.271	659.375
1490760000000	2.2723	2.2723	2.2723	2.2723	10.0
1490760120000	2.2726	2.2726	2.2726	2.2726	1.643643
1490760300000	2.27	2.27	2.27	2.27	7.0
1490760360000	2.2725	2.2727	2.2727	2.2725	200.0
1490760420000	2.275	2.2828	2.2828	2.275	294.5580706
1490760660000	2.2717	2.2717	2.2717	2.2717	253.379819
1490760720000	2.275	2.275	2.275	2.275	100.0
1490760840000	2.28	2.28	2.28	2.28	2661.996428
1490760900000	2.28	2.2726	2.28	2.2726	14.652999999999999
1490760960000	2.28	2.28	2.28	2.28	68.545087
1490761020000	2.28	2.28	2.28	2.28	3.412618
1490761080000	2.28	2.28	2.28	2.28	847.782867
1490761140000	2.2819	2.2824	2.2828	2.2819	506.935471
1490761200000	2.2774	2.2784	2.2784	2.2774	237.9603
1490761260000	2.2828	2.2828	2.2828	2.2828	2.207367
1490761320000	2.278	2.278	2.278	2.278	100.0
1490761380000	2.2781	2.2781	2.2781	2.2781	30.0
1490761560000	2.28	2.28	2.28	2.28	102.45052284
1490762280000	2.2799	2.28	2.28	2.2799	1499.9999995
1490762340000	2.275	2.275	2.275	2.275	100.0
1490763000000	2.271	2.271	2.271	2.271	100.0
1490763120000	2.27	2.27	2.27	2.27	1730.789296
1490763240000	2.2727	2.2727	2.2727	2.2727	85.707982
1490763300000	2.2727	2.2828	2.2828	2.2727	75.93970456
1490763720000	2.2764	2.2764	2.2764	2.2764	1.044902
1490763840000	2.276	2.276	2.276	2.276	2.935916
1490764980000	2.276	2.276	2.276	2.276	61.3167119
1490765400000	2.276	2.2883	2.2883	2.276	1.1200510000000001
1490765580000	2.276	2.276	2.276	2.276	0.12
1490766360000	2.288	2.288	2.288	2.288	1700.589
1490766420000	2.288	2.288	2.288	2.288	77.650182
1490766780000	2.2978	2.2978	2.2978	2.2978	1.0
1490767020000	2.288	2.288	2.288	2.288	0.15
1490767260000	2.288	2.288	2.288	2.288	3.999392
1490767320000	2.288	2.2856	2.288	2.2856	744.620226
1490767560000	2.2832	2.2832	2.2832	2.2832	150.0
1490767800000	2.279	2.2784	2.279	2.2784	2.1111
1490768580000	2.27	2.27	2.27	2.27	86.965003
1490768700000	2.275	2.275	2.275	2.275	13.360454
1490768760000	2.275	2.275	2.275	2.275	1.515448
1490768880000	2.275	2.275	2.275	2.275	1517.4445999999998
1490768940000	2.275	2.2642	2.275	2.2642	1550.7879404
1490769180000	2.2642	2.2625	2.2642	2.2625	4.777889999999999
1490769300000	2.2619	2.2508	2.2625	2.2508	410.2925253799999
1490769420000	2.258	2.258	2.258	2.258	70.60182524
1490769960000	2.2525	2.2525	2.2525	2.2525	100.0
1490770020000	2.2508	2.2488	2.2508	2.2488	105.65174999999994
1490770080000	2.2487	2.2487	2.2487	2.2487	0.1
1490770380000	2.2486	2.2484	2.2486	2.2482	4.956099999999998
1490770500000	2.2427	2.2427	2.2427	2.2427	30.076996
1490770680000	2.2672	2.2672	2.2672	2.2672	4.25101395
1490770860000	2.2584	2.267	2.2685	2.258	1300.0
1490770920000	2.268	2.268	2.268	2.268	170.0
1490771280000	2.2686	2.2686	2.2686	2.2686	500.0
1490771460000	2.2655	2.2688	2.2688	2.2655	359.0
1490772180000	2.2647	2.2646	2.2647	2.2646	264.127183
1490773380000	2.2686	2.2686	2.2686	2.2686	1598.0
1490773440000	2.2727	2.2727	2.2727	2.2727	100.0
1490773500000	2.2745	2.275	2.275	2.2745	699.0
1490774400000	2.271	2.2661	2.271	2.2661	100.0
1490774700000	2.2541	2.2529	2.2541	2.2528	33.515233
1490774760000	2.2526	2.2522	2.2527	2.2522	52.761031
1490774880000	2.252	2.25	2.2521	2.25	74.41436499999999
1490774940000	2.25	2.25	2.25	2.25	74.243065
1490775240000	2.242	2.241	2.242	2.24	702.92643491
1490775360000	2.2375	2.2375	2.2375	2.2375	5.998104
1490775600000	2.2375	2.2375	2.2375	2.2375	23.0
1490776140000	2.238	2.2607	2.2607	2.238	664.7356555
1490776200000	2.262	2.262	2.262	2.262	411.551041
1490776380000	2.2623	2.2625	2.2625	2.2623	300.0
1490776620000	2.2743	2.2745	2.2745	2.2743	10.0
1490777220000	2.2705	2.2705	2.2705	2.2705	28.855945
1490777340000	2.27	2.27	2.27	2.27	5.91555739
1490777400000	2.275	2.275	2.275	2.275	6.31764
1490777460000	2.275	2.275	2.275	2.275	54.60536
1490777520000	2.264	2.264	2.264	2.264	15.533032
1490778720000	2.2667	2.2655	2.2667	2.2655	63.209862709999996
1490778900000	2.2625	2.2625	2.2625	2.2625	17.489169
1490778960000	2.2625	2.2625	2.2625	2.2625	82.510831
1490779500000	2.2749	2.2774	2.2774	2.2749	129.19480000000001
1490779920000	2.2875	2.2875	2.2875	2.2875	118.621809
1490779980000	2.2934	2.2934	2.2934	2.2934	578.215831
1490780040000	2.2929	2.2987	2.2987	2.2929	144.71955455
1490780100000	2.2993	2.2995	2.2995	2.2993	56.421420999999995
1490780160000	2.2994	2.2994	2.2994	2.2994	204.849379
1490780220000	2.2929	2.2999	2.2999	2.2929	1200.0
1490780280000	2.2997	2.2997	2.2997	2.2997	16.580148
1490780400000	2.2999	2.2999	2.2999	2.2999	185.504482
1490780460000	2.295	2.2999	2.2999	2.295	101.0
1490780580000	2.288	2.288	2.288	2.288	295.812176
1490781180000	2.287	2.287	2.287	2.287	126.508427
1490781480000	2.275	2.275	2.2761	2.275	281.33066099999996
1490782380000	2.284	2.2875	2.2875	2.284	853.502
1490782440000	2.2753	2.2753	2.2753	2.2753	4.40381488
1490782560000	2.2756	2.2756	2.2756	2.2756	100.0
1490782620000	2.2768	2.2768	2.2768	2.2768	2.50062124
1490782740000	2.283	2.283	2.283	2.283	110.4705788
1490783340000	2.275	2.275	2.275	2.275	100.0
1490783460000	2.2655	2.2655	2.2655	2.2655	63.349288
1490783520000	2.2655	2.2655	2.2655	2.2655	4.4228647
1490783580000	2.2625	2.2625	2.2625	2.2625	45.01036057
1490783640000	2.2625	2.2625	2.2625	2.2625	54.989639
1490784300000	2.2555	2.2555	2.2555	2.2555	70.0
1490784960000	2.258	2.258	2.258	2.258	187.2063
1490785020000	2.258	2.258	2.258	2.258	824.4
1490785080000	2.258	2.2584	2.2584	2.258	825.308202
1490785140000	2.2584	2.2584	2.2584	2.2584	31.358645
1490785560000	2.2563	2.2555	2.2563	2.2555	100.0
1490786040000	2.2569	2.257	2.257	2.2569	127.28078074
1490786100000	2.2554	2.2554	2.2554	2.2554	2.007232
1490786160000	2.2626	2.2626	2.2626	2.2626	100.0
1490786340000	2.27	2.27	2.27	2.27	56.424842
1490786520000	2.27	2.27	2.27	2.27	836.3159189999999
1490786580000	2.2697	2.2708	2.2715	2.269	7962.916933639999
1490787420000	2.275	2.275	2.275	2.275	36.270532
1490787600000	2.279	2.2794	2.2794	2.2789	1190.43329956
1490787660000	2.2819	2.2878	2.2882	2.2818	1936.5916060000002
1490787720000	2.2859	2.2855	2.2922	2.2855	1954.454315
1490787780000	2.2897	2.2884	2.2897	2.2884	207.669462
1490787900000	2.2693	2.2759	2.2759	2.2693	96.264248
1490788500000	2.2721	2.2727	2.2727	2.2721	204.2536
1490788680000	2.2708	2.2708	2.2708	2.2708	35.0
1490789100000	2.27	2.2721	2.2721	2.2635	471.35653516
1490789160000	2.2625	2.2525	2.2635	2.2525	717.670141
1490789220000	2.2538	2.2528	2.2663	2.2528	934.977839
1490789280000	2.2539	2.2539	2.2539	2.2539	883.817
1490789340000	2.2619	2.262	2.262	2.2619	413.720159
1490789400000	2.2541	2.2592	2.262	2.2374	1639.532146
1490789460000	2.2591	2.2588	2.2594	2.2588	1359.5521760000001
1490789520000	2.259	2.259	2.259	2.259	142.6768
1490789580000	2.2619	2.262	2.262	2.2619	189.05312999999998
1490789640000	2.2626	2.2625	2.2626	2.2625	760.429
1490789700000	2.2698	2.274	2.274	2.2697	648.2998036600001
1490789760000	2.2711	2.273	2.273	2.2702	1514.755309
1490789820000	2.2744	2.275	2.275	2.2744	645.3527
1490789880000	2.2848	2.2848	2.2848	2.2848	25.0
1490790060000	2.2854	2.2685	2.2855	2.2685	268.567509
1490790120000	2.27	2.27	2.27	2.27	250.0
1490790360000	2.2631	2.2631	2.2631	2.2631	100.0
1490790600000	2.2631	2.2631	2.2631	2.2631	200.0
1490790780000	2.2661	2.2669	2.2669	2.2661	127.28155527999999
1490790840000	2.2667	2.2631	2.2667	2.2631	586.4443
1490791080000	2.2635	2.2635	2.2635	2.2635	4.42677269
1490791200000	2.2636	2.2636	2.2636	2.2636	291.542097
1490791320000	2.27	2.27	2.27	2.27	95.5204
1490791500000	2.2744	2.2729	2.2744	2.2729	1085.568182
1490791620000	2.2732	2.2732	2.2732	2.2732	93.09
1490791680000	2.2746	2.2746	2.2746	2.2746	84.113664
1490791860000	2.275	2.275	2.275	2.275	100.0
1490791920000	2.277	2.277	2.277	2.277	8.237725
1490792340000	2.2803	2.2803	2.2803	2.2803	93.60990000000001
1490792400000	2.271	2.2797	2.2797	2.2451	7580.035556989999
1490792580000	2.2744	2.2744	2.2744	2.2744	2.014846
1490792640000	2.2745	2.2746	2.2746	2.2745	14.207761
1490792760000	2.2803	2.2803	2.2803	2.2803	154.7034
1490793060000	2.2795	2.2795	2.2795	2.2795	20.181609
1490793120000	2.2758	2.2743	2.2758	2.2743	25.030531609999997
1490793540000	2.275	2.275	2.275	2.275	360.2103
1490793600000	2.275	2.2751	2.2751	2.275	149.896839
1490793900000	2.2758	2.2758	2.2758	2.2758	24.349523
1490794200000	2.2789	2.2789	2.2789	2.2789	88.5132
1490794500000	2.28	2.281	2.281	2.28	22.881254
1490794560000	2.2791	2.2791	2.2791	2.2791	2.40121774
1490794920000	2.2857	2.2857	2.2857	2.2857	146.496877
1490794980000	2.2875	2.2875	2.2875	2.2875	97.17867
1490795520000	2.2875	2.2875	2.2875	2.2875	1.0
1490795640000	2.2862	2.286	2.2862	2.286	4.0
1490795760000	2.2866	2.2869	2.2873	2.2861	20.0
1490796120000	2.2869	2.2869	2.2869	2.2869	153.824291
1490796480000	2.2864	2.2869	2.2869	2.2864	201.135785
1490796540000	2.2869	2.2869	2.2869	2.2869	50.490879
1490796900000	2.2875	2.2894	2.2894	2.2875	100.0
1490797140000	2.2943	2.2943	2.2943	2.2943	8.0
1490797500000	2.2945	2.294	2.2945	2.294	1.9
1490797560000	2.2945	2.2945	2.2945	2.2945	0.4
1490797620000	2.2899	2.2899	2.2899	2.2899	250.0
1490797680000	2.2943	2.2943	2.2943	2.2943	4.05378376
1490797860000	2.2948	2.2948	2.2948	2.2948	102.1937
1490798100000	2.2905	2.2905	2.2905	2.2905	186.348389
1490798700000	2.2932	2.2932	2.2932	2.2932	3.26437351
1490798880000	2.3	2.3	2.3011	2.3	1191.7394330000002
1490799060000	2.307	2.3076	2.3076	2.307	101.71243799999999
1490799120000	2.3069	2.3069	2.3069	2.3069	1.0
1490799240000	2.3005	2.3053	2.3053	2.3005	619.754
1490799300000	2.3015	2.3015	2.3015	2.3015	33.0
1490799540000	2.307	2.3116	2.3116	2.307	777.1997036700001
1490799900000	2.3097	2.3097	2.3097	2.3097	81.685545
1490800200000	2.3027	2.3027	2.3027	2.3027	10.0
1490800320000	2.3027	2.3027	2.3027	2.3027	0.63933
1490800380000	2.3112	2.3112	2.3112	2.3112	14.2
1490800500000	2.3097	2.3086	2.3097	2.3085	837.40388
1490800560000	2.3064	2.3064	2.3064	2.3064	2.0
1490800800000	2.3118	2.32	2.32	2.3118	2634.05772784
1490800860000	2.32	2.32	2.32	2.32	768.083
1490800920000	2.32	2.32	2.32	2.32	657.462064
1490800980000	2.32	2.32	2.32	2.32	2563.8170920000002
1490801040000	2.32	2.32	2.321	2.32	450.32193900000004
1490801100000	2.32	2.32	2.32	2.32	559.3361
1490801160000	2.32	2.32	2.32	2.32	453.9619
1490801220000	2.32	2.32	2.32	2.32	510.3289
1490801280000	2.32	2.32	2.32	2.32	83.369531
1490801340000	2.32	2.3229	2.3229	2.32	2.3219890000000003
1490801400000	2.32	2.32	2.32	2.32	574.494047
1490801460000	2.3213	2.3213	2.3213	2.3213	50.0
1490801520000	2.32	2.32	2.32	2.32	739.8708
1490801580000	2.32	2.32	2.32	2.32	57.89387567
1490801760000	2.325	2.325	2.325	2.325	100.0
1490801880000	2.3291	2.333	2.333	2.3271	1393.7395189999997
1490801940000	2.333	2.333	2.333	2.333	1.0
1490802120000	2.333	2.333	2.333	2.333	159.927
1490802420000	2.3305	2.3305	2.3305	2.3305	320.000837
1490802600000	2.333	2.333	2.333	2.333	920.609244
1490802660000	2.333	2.3269	2.333	2.3269	178.58948700000002
1490802720000	2.333	2.3291	2.333	2.3291	36.152238000000004
1490802780000	2.327	2.327	2.327	2.327	1.0
1490802840000	2.3353	2.3355	2.3374	2.3353	6.0
1490802900000	2.3374	2.3388	2.3389	2.3374	16.0
1490803140000	2.338	2.338	2.338	2.338	10.0
1490803200000	2.339	2.34	2.34	2.339	614.409036
1490803260000	2.34	2.34	2.34	2.34	162.990155
1490803320000	2.34	2.3433	2.3433	2.34	673.1327460000001
1490803380000	2.345	2.348	2.3485	2.3433	40.0
1490803440000	2.3494	2.3494	2.3494	2.3494	300.0
1490803560000	2.349	2.349	2.349	2.349	10.0
1490803740000	2.3499	2.3499	2.3499	2.3499	2000.0
1490803800000	2.3499	2.3499	2.3499	2.3499	1040.0
1490804040000	2.349	2.3499	2.3499	2.3411	982.07807361
1490804160000	2.35	2.3536	2.3536	2.3499	1223.23376573
1490804220000	2.35	2.35	2.35	2.35	112.555057
1490804820000	2.3411	2.3411	2.3411	2.3411	4.05909437
1490804880000	2.3396	2.3396	2.3396	2.3396	16.35324926
1490805060000	2.345	2.345	2.345	2.345	8.53877518
1490805120000	2.339	2.3385	2.3391	2.338	112.0
1490805240000	2.338	2.338	2.338	2.338	5.69205063
1490805300000	2.338	2.339	2.345	2.338	634.8722106800001
1490805360000	2.339	2.3396	2.3396	2.339	22.0
1490805540000	2.339	2.339	2.339	2.339	100.0
1490805780000	2.3334	2.3321	2.3353	2.3321	200.0
1490805840000	2.3315	2.3315	2.3315	2.3315	100.0
1490805900000	2.3315	2.3315	2.3315	2.3315	100.0
1490806020000	2.3321	2.3321	2.3321	2.3321	50.0
1490806140000	2.333	2.333	2.333	2.333	100.0
1490806320000	2.34	2.34	2.34	2.34	196.12235
1490806380000	2.34	2.3435	2.3435	2.34	91.501859
1490806500000	2.344	2.344	2.344	2.344	85.379267
1490806560000	2.3414	2.3414	2.3414	2.3414	636.506
1490806620000	2.3414	2.3412	2.3414	2.3412	300.0
1490806680000	2.3386	2.3386	2.3386	2.3386	50.0
1490806800000	2.3464	2.3464	2.3464	2.3464	4.0
1490806980000	2.3469	2.3469	2.3469	2.3469	182.960926
1490807040000	2.3493	2.3493	2.3493	2.3493	200.0
1490807160000	2.3452	2.3476	2.3488	2.3452	583.5771
1490807220000	2.3473	2.3473	2.3473	2.3473	187.0276
1490807520000	2.35	2.35	2.35	2.35	1.0
1490807580000	2.35	2.35	2.35	2.35	0.5
1490807820000	2.3413	2.3413	2.3413	2.3413	255.0
1490808120000	2.35	2.353	2.353	2.35	1072.174
1490808240000	2.353	2.355	2.3554	2.3529	1101.9764800000003
1490808300000	2.3555	2.3565	2.3565	2.3554	127.21349763
1490808420000	2.3539	2.3539	2.3539	2.3539	100.0
1490808540000	2.3579	2.3585	2.3585	2.3579	21.856634
1490808600000	2.36	2.36	2.36	2.36	567.658729
1490808660000	2.36	2.359	2.36	2.358	1010.457206
1490808720000	2.359	2.359	2.359	2.359	13.730009
1490808780000	2.359	2.359	2.359	2.359	525.0
1490808960000	2.3542	2.3493	2.3542	2.3493	100.0
1490809140000	2.3507	2.3507	2.3507	2.3507	82.566708
1490809200000	2.35	2.35	2.35	2.35	104.26382978
1490809560000	2.3527	2.3527	2.3527	2.3527	100.0
1490809740000	2.3513	2.3573	2.3573	2.3513	250.31012
1490809860000	2.357	2.3573	2.3573	2.357	226.47719999999998
1490810040000	2.357	2.3588	2.359	2.357	337.647553
1490810100000	2.359	2.3561	2.359	2.356	1034.713763
1490810700000	2.3575	2.3575	2.3575	2.3575	111.05079
1490810820000	2.3508	2.3508	2.3508	2.3508	289.920421
1490810880000	2.3575	2.3575	2.3575	2.3575	25.000001
1490811540000	2.353	2.357	2.357	2.353	700.3
1490811720000	2.352	2.3518	2.352	2.3518	24.928435999999998
1490811780000	2.35	2.35	2.35	2.35	40.0
1490811960000	2.345	2.3499	2.3499	2.345	1094.4804249999997
1490812020000	2.3499	2.3499	2.35	2.3499	426.7284
1490812080000	2.3499	2.3499	2.3499	2.3499	569.601
1490812140000	2.3499	2.3499	2.3499	2.3499	215.2606
1490812200000	2.35	2.3499	2.35	2.3499	185.932725
1490812260000	2.35	2.35	2.35	2.3499	365.426089
1490812320000	2.3499	2.3499	2.3499	2.3499	854.88598203
1490812440000	2.3488	2.3492	2.3492	2.3488	98.4171
1490812500000	2.3484	2.3477	2.3484	2.3477	97.7594
1490812800000	2.35	2.3549	2.3599	2.35	729.262701
1490812860000	2.3583	2.3583	2.3583	2.3583	43.623336
1490812920000	2.36	2.36	2.36	2.36	11.817916
1490813040000	2.3585	2.357	2.36	2.357	3433.5206590000003
1490813100000	2.357	2.357	2.357	2.357	148.369441
1490813280000	2.357	2.357	2.357	2.357	1419.0426870000001
1490813460000	2.36	2.36	2.36	2.3594	472.051121
1490813580000	2.36	2.36	2.36	2.36	0.5
1490813760000	2.3582	2.3582	2.3582	2.3582	15.009295
1490813880000	2.3597	2.3597	2.3597	2.3597	10.0
1490814180000	2.3516	2.3508	2.3516	2.3508	177.749306
1490814240000	2.3516	2.3528	2.3528	2.3516	736.576
1490814300000	2.3474	2.3474	2.3474	2.3474	150.0
1490814360000	2.3501	2.3501	2.3501	2.3501	73.8647
1490814420000	2.3521	2.3521	2.3521	2.3521	72.367
1490814660000	2.3491	2.3488	2.3491	2.3488	299.1966
1490815080000	2.3467	2.3487	2.3488	2.3467	3833.604
1490815140000	2.3489	2.357	2.357	2.3489	1688.1658999999997
1490815200000	2.3516	2.3583	2.359	2.3516	3716.0781000000006
1490815320000	2.3515	2.3515	2.3515	2.3515	13.59187459
1490815500000	2.3499	2.3499	2.3499	2.3499	0.7441
1490815620000	2.3496	2.3497	2.3497	2.3496	55.71382
1490815680000	2.3491	2.3499	2.3499	2.3491	83.541072
1490815800000	2.3498	2.3498	2.3498	2.3498	19.688464
1490816040000	2.3482	2.3482	2.3482	2.3482	4.577918
1490816100000	2.3499	2.3499	2.3499	2.3499	39.472658
1490816160000	2.3493	2.3499	2.3499	2.3493	73.0972
1490816220000	2.35	2.3589	2.3589	2.35	207.0
1490816580000	2.3549	2.3564	2.3564	2.3547	17.58061
1490816640000	2.3579	2.359	2.36	2.3579	1759.5520000000001
1490816700000	2.3594	2.3586	2.36	2.3575	1769.9956429999997
1490816760000	2.3582	2.3593	2.36	2.3577	2586.656363
1490816880000	2.3595	2.3599	2.3599	2.3591	62.17942
1490816940000	2.3581	2.36	2.36	2.3581	605.436806
1490817000000	2.3586	2.363	2.3631	2.3586	3018.3003930000004
1490817480000	2.3631	2.3636	2.3636	2.3631	113.0
1490817540000	2.3625	2.3625	2.3625	2.3625	7.65454
1490817720000	2.3637	2.3671	2.3677	2.3637	20.0
1490817780000	2.3655	2.3656	2.3656	2.3655	15.89
1490817960000	2.3546	2.3546	2.3546	2.3546	11.2
1490818020000	2.3613	2.3596	2.3613	2.3596	106.781891
1490818140000	2.3674	2.366	2.3678	2.366	154.808068
1490819040000	2.353	2.353	2.353	2.353	100.0
1490819160000	2.3501	2.3501	2.3501	2.3501	28.7596
1490819280000	2.3502	2.3502	2.3502	2.3502	56.626999999999995
1490819340000	2.352	2.352	2.352	2.352	28.0158
1490819400000	2.352	2.352	2.352	2.352	55.3738
1490819460000	2.352	2.3501	2.352	2.3501	43.945499999999996
1490819520000	2.3541	2.3568	2.3568	2.3541	39.027293
1490819640000	2.3572	2.3573	2.3573	2.3544	436.355524
1490819820000	2.3565	2.3603	2.3603	2.3561	122.761967
1490819880000	2.3607	2.361	2.361	2.3607	104.24396442
1490820300000	2.352	2.3554	2.3554	2.3518	800.4794999999999
1490820360000	2.3518	2.3518	2.3518	2.3518	1.21261797
1490820480000	2.3507	2.3505	2.3507	2.3505	30.81636008
1490820540000	2.3512	2.3512	2.3512	2.3512	28.6504
1490820600000	2.35	2.3482	2.35	2.3482	154.8981999999999
1490820720000	2.3481	2.3478	2.3481	2.3478	0.4
1490820840000	2.3477	2.346	2.3477	2.346	6.0
1490820900000	2.3461	2.346	2.3461	2.346	285.60872967
1490821140000	2.3463	2.3456	2.3463	2.3456	136.38877333
1490821260000	2.3403	2.3399	2.3403	2.3399	212.0
1490821500000	2.343	2.3485	2.3485	2.3426	602.187266
1490821560000	2.3419	2.342	2.3479	2.3409	160.4878
1490821860000	2.349	2.35	2.35	2.3489	1334.9561709999998
1490821920000	2.35	2.3497	2.35	2.3497	1684.707929
1490821980000	2.35	2.365	2.365	2.35	528.82901469
1490822160000	2.3683	2.369	2.369	2.3658	1127.39832597
1490822220000	2.369	2.369	2.369	2.369	872.60167403
1490822400000	2.3695	2.3699	2.3699	2.3695	19.449289999999998
1490822520000	2.367	2.367	2.367	2.367	56.179675
1490822580000	2.3699	2.3744	2.3746	2.367	2650.0
1490822640000	2.375	2.377	2.3797	2.375	293.476542
1490822820000	2.366	2.38	2.38	2.366	115.13765932
1490823000000	2.3794	2.38	2.38	2.3794	20.0
1490823120000	2.38	2.3798	2.38	2.3798	20.0
1490823300000	2.378	2.38	2.38	2.378	2000.0
1490823360000	2.38	2.38	2.38	2.38	4.0
1490823420000	2.379	2.379	2.379	2.379	100.0
1490823480000	2.3714	2.38	2.38	2.3714	6.33174026
1490823780000	2.3697	2.3777	2.3777	2.3697	428.86169900000004
1490823900000	2.3789	2.3789	2.3789	2.3789	1.0
1490823960000	2.3777	2.3789	2.3789	2.3777	1.4737
1490824080000	2.3777	2.3777	2.3777	2.3777	2204.0609999999992
1490824140000	2.3777	2.3777	2.3777	2.3777	195.42669999999998
1490824200000	2.3777	2.3777	2.3777	2.3777	31.4516
1490824440000	2.3777	2.3777	2.3777	2.3777	30.9312
1490824500000	2.3789	2.3789	2.3789	2.3789	0.5
1490824620000	2.3777	2.3777	2.3777	2.3777	50.0
1490824680000	2.3777	2.3777	2.3777	2.3777	200.0
1490824740000	2.3777	2.3777	2.3789	2.3777	446.18039999999996
1490824800000	2.3777	2.3777	2.3777	2.3777	89.88235653
1490824920000	2.3749	2.375	2.375	2.3743	432.77730599999995
1490825040000	2.37	2.3697	2.3702	2.3697	200.0
1490825220000	2.3703	2.3625	2.3703	2.3625	428.08385473
1490825280000	2.3671	2.3628	2.3671	2.3617	10401.999999999998
1490825340000	2.3634	2.35	2.3634	2.35	20938.542517
1490825400000	2.3545	2.3545	2.3545	2.3545	33.62887731
1490825460000	2.3499	2.3496	2.3499	2.3496	177.32582199999996
1490825580000	2.3494	2.345	2.3495	2.345	1.6
1490825700000	2.3499	2.3499	2.3499	2.3499	56.409323
1490826000000	2.35	2.35	2.35	2.35	3.37935
1490826480000	2.3489	2.3489	2.3489	2.3489	21.0
1490826540000	2.349	2.349	2.349	2.349	340.2943
1490826600000	2.349	2.349	2.349	2.349	59.7673
1490826780000	2.3495	2.3495	2.3495	2.3495	455.7957
1490826840000	2.3495	2.3495	2.3495	2.3495	144.2043
1490826900000	2.345	2.345	2.345	2.345	99.6
1490827140000	2.334	2.3333	2.334	2.3333	129.407096
1490827200000	2.33	2.33	2.33	2.33	157.444
1490827620000	2.3276	2.33	2.33	2.3276	170.96465281
1490827680000	2.3124	2.301	2.3124	2.301	438.24676200000033
1490827740000	2.3217	2.3193	2.3217	2.3193	100.08930600000001
1490828100000	2.3129	2.3129	2.3129	2.3129	0.22
1490828160000	2.3249	2.3249	2.3249	2.3249	15.380393
1490828340000	2.3222	2.3222	2.3222	2.3222	20.96323
1490828400000	2.3222	2.3222	2.3222	2.3222	79.03677
1490828520000	2.33	2.3385	2.3385	2.33	148.749422
1490828640000	2.3296	2.3296	2.3296	2.3296	16.25585594
1490828760000	2.33	2.3346	2.3346	2.33	305.174872
1490829300000	2.3294	2.326	2.3296	2.326	99.99999999999999
1490829780000	2.3328	2.3328	2.3328	2.3328	0.1
1490829900000	2.3291	2.3291	2.3291	2.3291	50.0
1490829960000	2.3311	2.3311	2.3311	2.3311	0.1
1490830140000	2.33	2.33	2.33	2.33	50.0
1490830200000	2.33	2.33	2.33	2.33	50.0
1490830320000	2.33	2.325	2.33	2.325	191.35989351
1490830380000	2.325	2.325	2.325	2.325	12.9446
1490830440000	2.3224	2.3218	2.3224	2.3218	8.688585
1490830620000	2.32	2.32	2.32	2.32	100.0
1490830680000	2.32	2.32	2.32	2.32	100.0
1490830740000	2.32	2.32	2.32	2.32	100.0
1490830800000	2.32	2.32	2.32	2.32	201.071414
1490830860000	2.32	2.32	2.32	2.32	189.740104
1490830920000	2.32	2.32	2.32	2.32	29.942692
1490830980000	2.32	2.32	2.32	2.32	23.834768
1490831040000	2.32	2.32	2.32	2.32	1529.999965
1490831220000	2.317	2.317	2.317	2.317	4.32455761
1490831580000	2.315	2.3178	2.3178	2.315	1.1956410000000002
1490831700000	2.316	2.316	2.316	2.316	0.904359
1490831880000	2.314	2.314	2.314	2.314	100.0
1490832120000	2.3189	2.3191	2.3191	2.318	319.08600938
1490832300000	2.3172	2.3168	2.3172	2.3165	423.73613200000005
1490832360000	2.3165	2.319	2.3192	2.3158	765.121362
1490832420000	2.3172	2.3177	2.3189	2.3172	329.0768
1490832540000	2.3147	2.32	2.32	2.3147	646.445614
1490832660000	2.3196	2.32	2.32	2.3196	1602.23768
1490832780000	2.325	2.325	2.325	2.325	100.0
1490832900000	2.3271	2.327	2.3271	2.327	34.27676153
1490832960000	2.3264	2.3264	2.3264	2.3264	0.1
1490833080000	2.3199	2.3175	2.3199	2.3175	2.500000000000001
1490833200000	2.3125	2.3	2.3125	2.3	15155.13334774
1490833260000	2.3001	2.2869	2.3001	2.272	13186.79060293
1490833320000	2.2863	2.2733	2.2874	2.2711	2981.3664903000004
1490833380000	2.2701	2.27	2.2701	2.27	52.84189861
1490833560000	2.2651	2.2651	2.2651	2.2651	358.701
1490833620000	2.2655	2.263	2.2691	2.263	599.075144
1490833680000	2.2691	2.2635	2.2692	2.2635	817.7995999999999
1490833740000	2.263	2.263	2.263	2.263	124.1256
1490833860000	2.2625	2.2625	2.2625	2.2625	100.0
1490833920000	2.2626	2.2659	2.2667	2.2532	490.807366
1490833980000	2.2684	2.269	2.269	2.2684	1013.638341
1490834040000	2.2739	2.2725	2.2739	2.2725	1041.410157
1490834100000	2.2623	2.2606	2.2634	2.2508	1466.176636
1490834160000	2.2518	2.2629	2.2629	2.2518	268.80308
1490834220000	2.2565	2.2577	2.2658	2.2565	253.5017
1490834280000	2.2613	2.257	2.2613	2.257	763.8816
1490834340000	2.2633	2.2591	2.2633	2.2591	97.3072
1490834400000	2.2625	2.2648	2.2726	2.2584	1761.243
1490834460000	2.2755	2.2625	2.2755	2.2625	82.76889999999999
1490834520000	2.2626	2.2716	2.2716	2.2626	32.949625
1490834580000	2.2737	2.2707	2.2737	2.2707	555.3046449999999
1490834640000	2.2715	2.2713	2.2716	2.2713	241.0291
1490834700000	2.2716	2.2721	2.2725	2.2713	479.52333495000005
1490835060000	2.279	2.28	2.28	2.279	664.52602069
1490835240000	2.2824	2.2824	2.2824	2.2824	10.0
1490835540000	2.28	2.28	2.28	2.28	1000.0
1490835600000	2.28	2.28	2.28	2.28	100.0
1490835660000	2.28	2.28	2.28	2.28	21.90097931
1490835900000	2.2742	2.2732	2.2742	2.273	1.3
1490836140000	2.273	2.2742	2.2742	2.273	17.599999999999998
1490836200000	2.2728	2.2722	2.2729	2.2722	100.79999999999995
1490836320000	2.2625	2.2625	2.2633	2.2625	254.500993
1490836500000	2.2691	2.2691	2.2691	2.2691	10.0
1490836680000	2.2635	2.2635	2.2635	2.2635	0.23
1490837160000	2.2695	2.2695	2.2695	2.2695	151.788411
1490837220000	2.2695	2.27	2.27	2.2695	699.423
1490837520000	2.2744	2.2746	2.2746	2.2744	43.42
1490837580000	2.2746	2.2746	2.2746	2.2746	0.38
1490837820000	2.2771	2.275	2.2771	2.275	594.364051
1490837880000	2.2746	2.2746	2.2746	2.2746	34.546806
1490838300000	2.2753	2.276	2.276	2.2753	739.0554
1490838420000	2.275	2.275	2.275	2.275	247.40145781
1490838540000	2.2711	2.2848	2.2848	2.2711	1306.2672195200003
1490838600000	2.271	2.271	2.271	2.271	0.1
1490838840000	2.2711	2.2711	2.2711	2.2711	0.23
1490839260000	2.282	2.282	2.282	2.282	70.5626
1490839320000	2.282	2.282	2.282	2.282	70.0009
1490839440000	2.2875	2.2999	2.2999	2.2875	1964.4145
1490839620000	2.2929	2.2929	2.2929	2.2929	136.009393
1490839680000	2.2924	2.2874	2.2924	2.2874	1744.52780693
1490839800000	2.2926	2.2926	2.2926	2.2926	31.595228
1490840160000	2.2929	2.2933	2.294	2.2929	70.859393
1490840700000	2.2906	2.2879	2.2906	2.2879	1129.78057704
1490840760000	2.2861	2.2861	2.2861	2.2861	684.16942296
1490840820000	2.2952	2.2952	2.2952	2.2952	57.3587
1490841120000	2.294	2.2951	2.2963	2.294	197.51552400000003
1490841240000	2.2957	2.2999	2.2999	2.2957	68.455381
1490841300000	2.2989	2.3	2.3	2.2989	6109.223567
1490841360000	2.3076	2.3117	2.3117	2.3076	252.2292
1490841420000	2.3058	2.3053	2.3095	2.3038	383.85148
1490841480000	2.3056	2.3095	2.3095	2.3056	99.99999999999999
1490841540000	2.3051	2.3051	2.3051	2.3051	2.291146
1490841660000	2.3067	2.3106	2.3106	2.3067	46.412329
1490841720000	2.3082	2.3082	2.3082	2.3082	41.5722
1490841840000	2.3059	2.3074	2.3074	2.3059	123.9967
1490841900000	2.3076	2.3076	2.3076	2.3076	40.6907
1490842080000	2.307	2.307	2.307	2.307	121.0325
1490842140000	2.307	2.305	2.307	2.305	183.31080299
1490842620000	2.304	2.304	2.304	2.304	1.009
1490842680000	2.3043	2.3079	2.3079	2.3043	88.92973599999999
1490842920000	2.31	2.3099	2.31	2.3099	520.717572
1490843040000	2.3094	2.3122	2.3124	2.3091	448.4687
1490843100000	2.3121	2.3125	2.3125	2.3121	277.3178
1490843220000	2.3178	2.3246	2.3246	2.3178	280.7389
1490843340000	2.3223	2.3242	2.325	2.3223	259.50926300000003
1490843400000	2.325	2.3213	2.3316	2.3213	841.373454
1490843520000	2.3312	2.3313	2.3314	2.3312	1451.10667
1490843940000	2.3245	2.324	2.3245	2.324	180.77460000000002
1490844780000	2.3349	2.3349	2.3349	2.3349	5.0
1490844960000	2.3349	2.3349	2.335	2.3349	61.0948
1490845020000	2.3344	2.335	2.335	2.3341	117.201038
1490845260000	2.3349	2.3349	2.3349	2.3349	8.6
1490845380000	2.3349	2.335	2.335	2.3349	2.0
1490845740000	2.3329	2.3323	2.335	2.3323	177.230614
1490845800000	2.3308	2.3302	2.3308	2.3302	0.2
1490845980000	2.3318	2.3349	2.3349	2.3318	100.0
1490846280000	2.3232	2.3232	2.3232	2.3232	149.55
1490846340000	2.3232	2.3247	2.3247	2.3232	9.193399999999999
1490846400000	2.3252	2.3252	2.3252	2.3252	8.7236
1490846460000	2.3252	2.3252	2.3252	2.3252	16.2035
1490846520000	2.3252	2.3252	2.3252	2.3252	7.9572
1490846880000	2.3224	2.3224	2.3224	2.3224	7.8665
1490847060000	2.3204	2.3204	2.3204	2.3204	7.8109
1490847360000	2.3191	2.3191	2.3191	2.3191	2.017786
1490847660000	2.3238	2.3238	2.3238	2.3238	10.8294
1490847720000	2.325	2.325	2.325	2.325	5.3955
1490848260000	2.3284	2.3286	2.3286	2.3284	14.552800000000001
1490848320000	2.33	2.3375	2.3375	2.33	183.112011
1490848440000	2.3389	2.339	2.339	2.3366	879.055192
1490848500000	2.3355	2.339	2.339	2.3355	1640.399506
1490848560000	2.339	2.3392	2.3393	2.3372	879.2445530000001
1490848620000	2.3374	2.34	2.34	2.3374	110.118207
1490848740000	2.3427	2.3428	2.3428	2.3427	13.66528365
1490848920000	2.3497	2.3499	2.3499	2.3497	715.058
1490848980000	2.3499	2.3456	2.3499	2.3456	158.560882
1490849040000	2.3499	2.3499	2.3499	2.3456	2376.64706
1490849100000	2.3499	2.35	2.35	2.3499	992.879521
1490849160000	2.35	2.35	2.35	2.35	1498.5395079999998
1490849220000	2.35	2.35	2.35	2.35	1767.6164899999999
1490849280000	2.35	2.35	2.35	2.35	602.113849
1490849340000	2.35	2.35	2.35	2.3494	657.446809
1490849400000	2.35	2.35	2.35	2.35	848.718231
1490849460000	2.3538	2.36	2.36	2.3538	32.0
1490849520000	2.36	2.36	2.36	2.36	33.599000000000004
1490849940000	2.3548	2.3475	2.3549	2.3475	23.48480054
1490850000000	2.3537	2.3537	2.3537	2.3537	2.0
1490850060000	2.3499	2.3499	2.3499	2.3499	1.0
1490850240000	2.3475	2.3475	2.3475	2.3475	454.41262159
1490850300000	2.3475	2.3475	2.3475	2.3475	9.438847
1490850420000	2.35	2.35	2.35	2.35	13.145573
1490850480000	2.3475	2.3475	2.3475	2.3475	1.0
1490850540000	2.3475	2.3475	2.3475	2.3475	1.000643
1490850900000	2.3497	2.3497	2.3497	2.3497	174.627128
1490850960000	2.3475	2.348	2.348	2.3475	439.079809
1490851020000	2.3497	2.3526	2.3526	2.3497	904.5237979999999
1490851200000	2.3595	2.3595	2.3595	2.3595	247.662
1490851260000	2.36	2.36	2.36	2.3599	1234.968656
1490851440000	2.3595	2.3595	2.3595	2.3595	21.872922
1490851680000	2.3543	2.36	2.36	2.3543	2006.9938271700003
1490851860000	2.35	2.35	2.35	2.35	200.0
1490852160000	2.3518	2.3518	2.3518	2.3518	800.0
1490852340000	2.3625	2.3625	2.3625	2.3625	1.0
1490852400000	2.352	2.3625	2.3625	2.352	6.016613
1490852460000	2.352	2.3518	2.352	2.3518	0.3684
1490852640000	2.3625	2.3625	2.3625	2.3625	1.0
1490852700000	2.3622	2.3622	2.3622	2.3622	0.1
1490852940000	2.35	2.35	2.35	2.35	23.207486
1490853120000	2.353	2.353	2.353	2.353	5.823925
1490853180000	2.353	2.353	2.353	2.353	120.0
1490853240000	2.35	2.3432	2.353	2.3432	751.49787887
1490853300000	2.3427	2.3427	2.3427	2.3427	22.275579
1490853660000	2.3427	2.3427	2.3427	2.3427	5.17767782
1490853720000	2.3617	2.3617	2.3617	2.3617	1.0
1490854380000	2.3467	2.3467	2.3467	2.3467	14.999413
1490854500000	2.3483	2.3505	2.3505	2.3463	2066.1606557699997
1490854560000	2.351	2.3553	2.3553	2.35	952.4670390000001
1490854620000	2.3553	2.3574	2.3574	2.3553	363.86739
1490854860000	2.342	2.342	2.342	2.342	818.697148
1490855100000	2.3431	2.34	2.3431	2.34	3195.07939627
1490855280000	2.34	2.34	2.34	2.34	0.1
1490855340000	2.34	2.34	2.34	2.34	0.1
1490855400000	2.3328	2.3001	2.3328	2.3001	19089.483358790003
1490855460000	2.3329	2.3134	2.3329	2.3134	326.04278281
1490855520000	2.3275	2.3347	2.3347	2.3273	906.658362
1490855580000	2.3389	2.3396	2.3535	2.3389	3468.07986777
1490855640000	2.3368	2.3308	2.3384	2.3308	1337.9517531400002
1490855700000	2.3397	2.3399	2.3399	2.3382	906.4173009999998
1490855760000	2.342	2.3448	2.3448	2.342	262.466538
1490855820000	2.3417	2.3451	2.3451	2.3417	892.5842
1490855880000	2.3446	2.3478	2.3478	2.3446	109.89539973
1490855940000	2.3416	2.345	2.345	2.3416	910.46224779
1490856120000	2.3461	2.3464	2.3464	2.3461	613.505517
1490856180000	2.3467	2.3461	2.347	2.3461	675.609394
1490856240000	2.3411	2.3411	2.3411	2.3411	3.08397517
1490856300000	2.3411	2.3479	2.3479	2.3411	124.12594469999999
1490856420000	2.3461	2.3445	2.3461	2.3445	42.177
1490856480000	2.349	2.3499	2.35	2.3485	1761.524547
1490856540000	2.3499	2.3496	2.35	2.3496	1751.4591859999998
1490856600000	2.3499	2.35	2.35	2.3499	1751.650934
1490856660000	2.35	2.35	2.35	2.35	1289.99592
1490856720000	2.3489	2.35	2.35	2.3489	1213.76431
1490856780000	2.3499	2.3538	2.3538	2.3499	886.113211
1490856900000	2.3546	2.3457	2.3546	2.3457	636.04895033
1490856960000	2.3457	2.3457	2.3457	2.3457	3.19469566
1490857920000	2.3612	2.3617	2.3617	2.3612	656.183008
1490858040000	2.3618	2.3624	2.3624	2.3618	17.224973
1490858100000	2.3624	2.3624	2.3624	2.3624	113.252655
1490859000000	2.3475	2.3475	2.3475	2.3475	4.8209388
1490859540000	2.3589	2.3589	2.3589	2.3589	11.11216801
1490859720000	2.3419	2.3419	2.3419	2.3419	1843.41946672
1490859900000	2.3449	2.3449	2.3449	2.3449	2.74349714
1490860200000	2.3377	2.3377	2.3377	2.3377	70.0
1490860320000	2.3317	2.3317	2.3317	2.3317	4.29729381
1490860380000	2.3243	2.3242	2.3243	2.3242	1000.0
1490860440000	2.3179	2.3179	2.3179	2.3179	56.955704
1490860500000	2.3212	2.2858	2.3213	2.2722	7161.494319679998
1490860560000	2.3162	2.3154	2.3162	2.3154	512.578939
1490860620000	2.321	2.3197	2.3232	2.3197	92.02154499000001
1490860680000	2.3199	2.3194	2.3235	2.3194	45.77085266
1490860740000	2.3193	2.3193	2.3193	2.3193	28.6281
1490860980000	2.3191	2.3191	2.3191	2.3191	670.88965799
1490861040000	2.3219	2.3219	2.3219	2.3219	17.1
1490861460000	2.3217	2.3216	2.3217	2.3216	420.909911
1490861580000	2.3163	2.3163	2.3163	2.3163	4.32586452
1490861820000	2.3091	2.3077	2.3091	2.3077	38.3818
1490861880000	2.3077	2.31	2.31	2.3077	1072.9124
1490861940000	2.31	2.31	2.31	2.31	35.3629
1490862000000	2.311	2.31	2.311	2.31	1058.1562979999999
1490862060000	2.31	2.31	2.31	2.31	1165.534394
1490862120000	2.3116	2.31	2.3155	2.31	1680.0144
1490862180000	2.3102	2.3102	2.3102	2.3102	31.8925
1490862240000	2.312	2.3135	2.3135	2.312	950.3746
1490862480000	2.31	2.31	2.31	2.31	5.65223809
1490862840000	2.3152	2.3152	2.3152	2.3152	10.0
1490863020000	2.3117	2.3117	2.3117	2.3117	47.8
1490863260000	2.3164	2.3149	2.3165	2.3149	132.38369999999998
1490863320000	2.3185	2.3185	2.3185	2.3185	0.4726
1490863380000	2.316	2.3172	2.3172	2.316	42.2996
1490863740000	2.31	2.31	2.31	2.31	1391.7097159999998
1490863860000	2.31	2.3052	2.31	2.3052	282.35334833000064
1490863980000	2.28	2.28	2.28	2.28	3.5292797399999998
1490864280000	2.2912	2.285	2.2912	2.285	407.31794611
1490864340000	2.285	2.2801	2.285	2.2801	212.86243985
1490864460000	2.28	2.28	2.28	2.2736	42.97911663000001
1490864520000	2.2736	2.2733	2.2736	2.2733	0.2
1490864580000	2.28	2.28	2.28	2.28	0.2
1490864640000	2.28	2.2801	2.2801	2.28	4.624886
1490864700000	2.2762	2.2762	2.2762	2.2762	150.0
1490864940000	2.2899	2.2899	2.2899	2.2899	38.2086
1490865120000	2.2915	2.2916	2.2916	2.2915	47.729136999999994
1490865240000	2.2911	2.2911	2.2911	2.2911	579.423992
1490865300000	2.2916	2.2916	2.2916	2.2916	1630.992144
1490865360000	2.2832	2.2832	2.2832	2.2832	2.20862687
1490865420000	2.2857	2.2857	2.2857	2.2857	38.01307879
1490865540000	2.2842	2.2842	2.2842	2.2842	575.95786391
1490865660000	2.2853	2.2853	2.2853	2.2853	18.30980035
1490865780000	2.2899	2.2899	2.2899	2.2899	3.01646447
1490866020000	2.2853	2.2853	2.2853	2.2853	38.87962078
1490866260000	2.2853	2.2828	2.2853	2.2828	540.818
1490866380000	2.2775	2.2775	2.2775	2.2775	44.950048669999994
1490866560000	2.2876	2.2876	2.2876	2.2876	0.1
1490866680000	2.2838	2.29	2.29	2.2838	435.047441
1490866740000	2.29	2.29	2.29	2.29	733.1153999999999
1490867280000	2.2793	2.2894	2.2894	2.2793	847.7693464700001
1490867400000	2.2899	2.2899	2.2899	2.2899	136.193981
1490867640000	2.2899	2.2899	2.2899	2.2899	44.96598
1490867700000	2.2899	2.306	2.306	2.2899	556.4240773199999
1490867760000	2.3055	2.3011	2.3055	2.3011	30.67165887
1490867820000	2.3022	2.3039	2.3039	2.3022	240.935628
1490867880000	2.3019	2.3019	2.3019	2.3019	17.1505
1490867940000	2.307	2.307	2.307	2.307	0.33568381
1490868120000	2.3046	2.3059	2.3059	2.3046	14.27371598
1490868180000	2.3045	2.3047	2.3047	2.3045	153.91045872
1490868360000	2.3164	2.3165	2.3165	2.3164	65.3918
1490868420000	2.3201	2.3229	2.3229	2.3201	809.4058000000001
1490868600000	2.317	2.3166	2.317	2.3166	79.2941
1490868720000	2.3183	2.3195	2.3195	2.3134	53.229772839999995
1490868780000	2.3185	2.3134	2.3185	2.3134	25.94988008
1490868840000	2.3203	2.3218	2.3224	2.3203	146.31130000000002
1490868900000	2.3219	2.323	2.323	2.3219	1507.807114
1490868960000	2.323	2.323	2.323	2.323	500.510457
1490869020000	2.323	2.323	2.323	2.323	401.303026
1490869080000	2.323	2.323	2.323	2.323	1105.70023
1490869140000	2.325	2.3275	2.3275	2.325	200.0
1490869200000	2.3275	2.33	2.33	2.3275	386.517
1490869260000	2.33	2.33	2.33	2.33	2.3333968
1490869500000	2.3293	2.3293	2.3293	2.3293	7.47747496
1490869860000	2.3298	2.3298	2.3298	2.3298	496.478646
1490870280000	2.3264	2.3329	2.3329	2.3264	567.415
1490870400000	2.3344	2.3313	2.3344	2.3313	571.9159999999999
1490870640000	2.3372	2.3448	2.3449	2.3372	1039.7057737300001
1490870700000	2.3463	2.3463	2.3463	2.3463	8.9987
1490870760000	2.3491	2.3491	2.3491	2.3491	32.1866
1490870820000	2.3491	2.349	2.3498	2.3463	449.05700477999994
1490870880000	2.3392	2.3392	2.3392	2.3392	136.23939838
1490870940000	2.34	2.345	2.345	2.34	203.56686
1490871060000	2.343	2.343	2.343	2.343	93.701545
1490871180000	2.343	2.3493	2.3493	2.343	276.919175
1490871240000	2.3499	2.3499	2.3499	2.3499	280.524183
1490871540000	2.3498	2.3328	2.3498	2.3328	727.47095243
1490871600000	2.3406	2.3406	2.3406	2.3406	438.78905
1490871720000	2.3436	2.3436	2.3436	2.3436	308.341378
1490871900000	2.3366	2.3366	2.3366	2.3366	4.28828211
1490871960000	2.3395	2.3395	2.3395	2.3395	640.352
1490872020000	2.3395	2.3391	2.3395	2.3391	1059.681401
1490872080000	2.3375	2.3375	2.3375	2.3375	150.0
1490872140000	2.3432	2.3437	2.3437	2.3432	1015.978369
1490872200000	2.347	2.3472	2.3472	2.3459	1427.2495913
1490872260000	2.3446	2.3463	2.3499	2.3439	1275.44817349
1490872320000	2.3463	2.3499	2.3499	2.3463	3146.453429
1490872380000	2.35	2.3532	2.3532	2.35	350.0
1490872560000	2.3536	2.3538	2.3538	2.3536	10.4
1490872800000	2.3423	2.3423	2.3423	2.3423	5.0476
1490872920000	2.343	2.3528	2.3528	2.343	74.3845
1490872980000	2.3479	2.3581	2.3581	2.3479	1169.7492
1490873040000	2.3581	2.3581	2.3581	2.3581	250.01119999999997
1490873100000	2.3581	2.3581	2.3581	2.3581	19.359
1490873160000	2.3599	2.37	2.37	2.3599	4527.70809984
1490873220000	2.3736	2.3734	2.3736	2.3734	8.677833
1490873280000	2.375	2.377	2.377	2.3586	622.53373
1490873340000	2.3769	2.3769	2.3769	2.3769	300.0
1490873700000	2.3728	2.377	2.377	2.3728	700.0
1490873940000	2.3588	2.3588	2.3588	2.3588	4.2479
1490874000000	2.375	2.375	2.375	2.375	1.0
1490874360000	2.375	2.375	2.375	2.375	64.903105
1490874600000	2.375	2.377	2.377	2.375	500.0
1490874660000	2.377	2.377	2.377	2.377	625.55111301
1490874720000	2.3799	2.3799	2.3799	2.3799	374.44888699
1490874780000	2.3779	2.3779	2.3779	2.3779	10.0
1490874840000	2.3798	2.3779	2.3798	2.3779	314.227
1490874900000	2.3799	2.38	2.38	2.3798	1722.2143475899998
1490874960000	2.38	2.38	2.38	2.38	72.821448
1490875020000	2.38	2.38	2.38	2.38	33.821957
1490875080000	2.38	2.38	2.38	2.38	120.055814
1490875140000	2.38	2.38	2.3839	2.38	1415.34871164
1490875200000	2.38	2.38	2.38	2.38	79.54273
1490875260000	2.381	2.381	2.381	2.381	288.80808786
1490875320000	2.3833	2.3833	2.3833	2.3833	1000.0
1490875380000	2.3833	2.384	2.39	2.3833	6970.853631440001
1490875440000	2.384	2.384	2.384	2.384	200.29999999999998
1490875500000	2.389	2.3897	2.3898	2.3889	1418.19785914
1490875560000	2.389	2.384	2.389	2.384	755.4606046299999
1490875620000	2.384	2.384	2.384	2.384	6.45995529
1490875680000	2.384	2.384	2.384	2.384	4.548703
1490875740000	2.384	2.384	2.384	2.384	628.75324868
1490875800000	2.384	2.384	2.384	2.384	16.50665596
1490875860000	2.384	2.384	2.384	2.384	46.36166394
1490875980000	2.381	2.381	2.381	2.381	531.8300096300001
1490876040000	2.381	2.381	2.381	2.381	179.36190251
1490876100000	2.38	2.38	2.38	2.38	126.572773
1490876160000	2.38	2.38	2.38	2.38	0.1748
1490876220000	2.3821	2.3811	2.3821	2.3811	78.74732686
1490876280000	2.38	2.38	2.38	2.38	101.8615
1490876340000	2.38	2.3806	2.3811	2.38	1345.9185009999999
1490876460000	2.3807	2.3807	2.3807	2.3807	10.0
1490876520000	2.382	2.38	2.382	2.38	594.30148815
1490876580000	2.38	2.38	2.38	2.38	256.516504
1490876700000	2.38	2.38	2.38	2.38	733.572167
1490876760000	2.38	2.38	2.38	2.38	151.947894
1490876820000	2.38	2.3779	2.38	2.3779	601.7780072200001
1490877000000	2.3779	2.3779	2.3779	2.3779	8.58387406
1490877060000	2.3779	2.3779	2.3779	2.3779	262.30450566
1490877120000	2.3779	2.37	2.3781	2.37	897.5790701000001
1490877180000	2.37	2.37	2.37	2.37	167.952638
1490877240000	2.37	2.37	2.37	2.37	140.726635
1490877300000	2.37	2.37	2.37	2.37	738.6240690000001
1490877360000	2.37	2.37	2.37	2.37	854.81346085
1490877420000	2.3814	2.37	2.3814	2.37	263.402
1490877540000	2.37	2.37	2.37	2.37	940.72135288
1490877660000	2.365	2.365	2.365	2.365	26.236786459999998
1490877840000	2.3672	2.3887	2.3899	2.3671	5000.0
1490878020000	2.3524	2.35	2.3524	2.35	1700.0
1490878080000	2.3527	2.3528	2.3528	2.3527	509.139709
1490878380000	2.3639	2.3639	2.3639	2.3639	250.546921
1490878440000	2.3591	2.359	2.3591	2.3585	748.83748985
1490878500000	2.3584	2.3584	2.3584	2.3584	11.466006
1490878560000	2.3619	2.3607	2.3619	2.3607	1832.6957000000002
1490878620000	2.36	2.3601	2.3601	2.36	251.43340854
1490878680000	2.3516	2.3516	2.3516	2.3516	4.26092872
1490878740000	2.3546	2.35	2.3546	2.3496	167.17091299999998
1490878920000	2.3414	2.346	2.346	2.3414	1291.36993629
1490879040000	2.3402	2.34	2.3402	2.34	958.3718682900001
1490879160000	2.3511	2.3511	2.3511	2.3511	80.2859
1490879220000	2.3499	2.3499	2.3499	2.3499	77.7013
1490879280000	2.3485	2.3482	2.3485	2.3482	121.929801
1490879400000	2.349	2.349	2.349	2.349	0.73329426
1490879520000	2.3438	2.3438	2.3438	2.3438	75.6961
1490879820000	2.3441	2.3446	2.3497	2.3441	1314.84713863
1490879880000	2.3496	2.3397	2.3528	2.3397	3339.8592277800003
1490879940000	2.3446	2.3447	2.3503	2.3446	2579.31689008
1490880000000	2.3505	2.3463	2.3505	2.3463	118.5709798
1490880060000	2.3446	2.3463	2.3463	2.3441	1733.7365
1490880120000	2.3463	2.3463	2.3463	2.3463	208.31453284
1490880180000	2.3463	2.3463	2.3463	2.3463	310.229111
1490880240000	2.3463	2.3463	2.3463	2.3463	0.79252781
1490880300000	2.3463	2.3463	2.3463	2.3463	630.456794
1490880360000	2.3463	2.3463	2.3463	2.3463	968.9015671899999
1490880420000	2.3529	2.3506	2.3532	2.3506	866.3114
1490880540000	2.363	2.3687	2.3687	2.363	376.6288
1490880600000	2.3686	2.3631	2.3687	2.3631	389.39207196
1490880900000	2.3654	2.3656	2.3687	2.3654	1299.119404
1490880960000	2.3686	2.3686	2.3686	2.3686	61.302286
1490881140000	2.3618	2.3524	2.3618	2.3524	1006.5849076400001
1490881200000	2.3625	2.3625	2.3625	2.3625	142.05
1490881320000	2.352	2.352	2.352	2.352	28.9580286
1490881440000	2.358	2.358	2.358	2.358	721.186588
1490881500000	2.358	2.358	2.358	2.358	707.557
1490881560000	2.358	2.358	2.358	2.358	248.256412
1490881620000	2.3625	2.3625	2.3625	2.3625	7.95
1490881680000	2.3568	2.3567	2.3568	2.3567	1.23077988
1490881860000	2.3507	2.3505	2.3507	2.3505	4.47802485
1490881920000	2.3505	2.3533	2.3534	2.3483	91.22828606
1490881980000	2.3559	2.3559	2.3559	2.3559	2.008777
1490882160000	2.3568	2.3568	2.3568	2.3568	7.975326
1490882220000	2.3581	2.3581	2.3581	2.3581	14.788288
1490882280000	2.3569	2.3589	2.3597	2.3569	333.507978
1490882340000	2.3599	2.3562	2.36	2.3562	1100.5592439400002
1490882460000	2.3579	2.358	2.358	2.3579	73.5775
1490882520000	2.3586	2.36	2.36	2.3586	117.68639999999999
1490882580000	2.36	2.3625	2.3626	2.3575	704.0319209999999
1490882700000	2.3645	2.3639	2.3646	2.3639	593.1096
1490882820000	2.363	2.363	2.363	2.363	43.327932
1490882880000	2.357	2.357	2.357	2.357	214.041096
1490883000000	2.3629	2.3644	2.3644	2.3623	550.770387
1490883060000	2.3676	2.3677	2.3677	2.3676	106.58840000000001
1490883120000	2.3686	2.3688	2.37	2.3683	652.2091599999999
1490883180000	2.3699	2.37	2.37	2.3699	28.587614119999998
1490883240000	2.3743	2.3749	2.375	2.3743	270.71569999999997
1490883480000	2.3711	2.3629	2.3717	2.3629	759.6632827300001
1490883600000	2.3802	2.3825	2.3825	2.3802	473.00970400000006
1490883660000	2.3825	2.3825	2.3825	2.3825	443.418015
1490883720000	2.3824	2.3825	2.3825	2.3824	108.68508384999998
1490883840000	2.3802	2.3891	2.3891	2.3802	240.44366168000002
1490883900000	2.387	2.39	2.39	2.3865	121.84682066
1490883960000	2.3842	2.3935	2.3951	2.3841	63.78093595000001
1490884020000	2.3969	2.3992	2.3999	2.3961	807.337064
1490884080000	2.3939	2.3988	2.3988	2.3939	752.32002149
1490884140000	2.3999	2.4	2.4	2.3998	5672.81507385
1490884200000	2.4	2.4	2.4	2.3973	389.97317948
1490884260000	2.4	2.4	2.4	2.3963	2189.20633287
1490884320000	2.4	2.4	2.4	2.4	2355.270427
1490884380000	2.4	2.4	2.4	2.4	758.143856
1490884440000	2.4	2.4	2.4	2.4	57.544139
1490884500000	2.3878	2.375	2.3878	2.375	1041.3004933500001
1490884560000	2.375	2.375	2.375	2.375	23.960033799999998
1490884800000	2.3635	2.3635	2.3635	2.3635	217.88152605
1490884860000	2.365	2.365	2.365	2.365	83.4661
1490884920000	2.365	2.3506	2.365	2.3501	4398.5585261
1490884980000	2.363	2.363	2.363	2.363	222.87649
1490885040000	2.3623	2.3623	2.3623	2.3623	10.0
1490885160000	2.3676	2.3676	2.3676	2.3676	36.054242
1490885340000	2.3718	2.3914	2.3914	2.3693	2161.1534279999996
1490885820000	2.3683	2.3686	2.3686	2.3683	425.0
1490886120000	2.3637	2.3479	2.3638	2.34	13290.056682440007
1490886240000	2.3796	2.3796	2.3796	2.3796	1000.0
1490886300000	2.3694	2.3694	2.3694	2.3694	209.384544
1490886540000	2.3695	2.3695	2.3695	2.3695	3.772564
1490886660000	2.3646	2.3611	2.3649	2.3611	1518.4756
1490886720000	2.3578	2.3578	2.3578	2.3578	50.0
1490886780000	2.3708	2.3708	2.3708	2.3708	2.999456
1490886960000	2.3673	2.3673	2.3673	2.3673	29.0120007
1490887560000	2.3677	2.3676	2.3677	2.3676	428.861338
1490887680000	2.3632	2.3632	2.3632	2.3632	100.0
1490887860000	2.3638	2.3638	2.3638	2.3638	50.0
1490887920000	2.3614	2.3626	2.3627	2.3607	1061.8878
1490888280000	2.3701	2.3701	2.3701	2.3701	178.613077
1490888400000	2.3723	2.3703	2.3746	2.3703	228.22731299
1490888460000	2.371	2.371	2.371	2.371	19.914762
1490888700000	2.3644	2.3724	2.3724	2.3644	11.360864
1490888940000	2.369	2.3741	2.3741	2.368	252.233228
1490889000000	2.3701	2.375	2.375	2.3701	532.1522
1490889060000	2.3744	2.3745	2.3745	2.3744	127.91130000000001
1490889180000	2.3719	2.3745	2.3745	2.3719	100.0
1490889300000	2.3659	2.3658	2.3672	2.3658	925.3719000000001
1490889780000	2.3686	2.3688	2.3688	2.3686	726.3182999999999
1490889900000	2.3742	2.3742	2.3742	2.3742	50.000362
1490890020000	2.3739	2.3739	2.3739	2.3739	10.0
1490890140000	2.375	2.375	2.375	2.3743	239.82472
1490890260000	2.375	2.375	2.375	2.375	250.16152363000003
1490890320000	2.375	2.375	2.375	2.375	122.69037362
1490890380000	2.391	2.3899	2.391	2.3899	3.024306
1490890440000	2.3839	2.3839	2.3839	2.3801	3131.96492365
1490890560000	2.38	2.3801	2.3815	2.38	218.11513228999996
1490890620000	2.3791	2.3801	2.3803	2.3791	201.2577
1490890680000	2.3793	2.3831	2.3831	2.3793	787.0082
1490890740000	2.3794	2.3794	2.3794	2.3794	76.5053
1490891160000	2.3864	2.3875	2.3875	2.3864	272.02905499999997
1490891280000	2.3875	2.3875	2.3875	2.3875	22.602545
1490891640000	2.38	2.38	2.38	2.38	50.103081
1490891760000	2.3832	2.3865	2.3865	2.3832	647.54896
1490892000000	2.3865	2.3821	2.3865	2.3821	1175.913247
1490892060000	2.3865	2.3792	2.3875	2.3792	1105.995955
1490892300000	2.3787	2.378	2.3787	2.378	111.92691918999999
1490892360000	2.3748	2.375	2.375	2.3746	618.8101200000001
1490892420000	2.3749	2.3749	2.375	2.3741	119.190158
1490892540000	2.3711	2.3711	2.3711	2.3711	4.337905
1490892660000	2.3714	2.3714	2.3714	2.3714	113.005545
1490892780000	2.373	2.3722	2.373	2.3722	126.84574500000001
1490892900000	2.3722	2.3722	2.3722	2.3722	2.990155
1490893080000	2.371	2.3677	2.371	2.3677	14.23195506
1490893140000	2.3717	2.366	2.3717	2.366	365.75030000000004
1490893200000	2.3684	2.3679	2.3684	2.3679	61.259743209999996
1490893440000	2.3669	2.3669	2.3669	2.3669	136.051
1490893620000	2.3666	2.3659	2.3666	2.3659	238.39962207999997
1490893800000	2.3651	2.3697	2.3697	2.3651	542.15969595
1490893860000	2.3694	2.3722	2.3722	2.3692	227.51389226
1490893920000	2.3649	2.3749	2.3749	2.3649	664.8551968899999
1490893980000	2.3735	2.3757	2.3764	2.3735	506.78283779
1490894040000	2.3745	2.3759	2.3759	2.3741	366.16166999999996
1490894100000	2.3743	2.3744	2.3744	2.3743	227.729253
1490894520000	2.3744	2.3744	2.3744	2.3744	200.0
1490894640000	2.378	2.3768	2.378	2.3768	270.91605100000004
1490894700000	2.3773	2.3773	2.3773	2.3773	4.2148656
1490894820000	2.3773	2.3773	2.3773	2.3773	0.2
1490894880000	2.3733	2.377	2.377	2.3733	60.009812
1490894940000	2.3712	2.3703	2.3712	2.3703	131.7391
1490895000000	2.3735	2.3725	2.3735	2.3725	175.82851019999998
1490895060000	2.3697	2.3697	2.3697	2.3697	117.7741
1490895120000	2.3723	2.3723	2.3723	2.3723	9.044619
1490895300000	2.3647	2.3647	2.3647	2.3647	4.23732397
1490895360000	2.3663	2.3646	2.3663	2.3644	188.492961
1490895420000	2.3624	2.3645	2.3645	2.3624	10.070596
1490895480000	2.3629	2.3619	2.3644	2.3619	181.84525840999999
1490895540000	2.3619	2.3619	2.3619	2.3619	110.6898
1490895600000	2.3605	2.3614	2.3614	2.3602	234.02982
1490895660000	2.3609	2.3609	2.3609	2.3609	105.9483
1490895720000	2.3601	2.36	2.3601	2.36	545.79330375
1490895900000	2.3572	2.3572	2.3572	2.3572	10.0
1490896020000	2.355	2.3511	2.355	2.3511	307.75899999999996
1490896260000	2.352	2.3518	2.352	2.3518	97.85490399999999
1490896860000	2.3579	2.3621	2.3627	2.3563	724.2101880600001
1490897160000	2.3522	2.3522	2.3522	2.3522	4.2598
1490897340000	2.3625	2.3625	2.3625	2.3624	319.99179999999996
1490897580000	2.3605	2.3605	2.3605	2.3605	124.0868
1490897700000	2.3597	2.3656	2.3656	2.3597	1.00211756
1490898180000	2.3604	2.3625	2.3625	2.3602	461.273408
1490898300000	2.3608	2.3618	2.3624	2.3608	177.27374769
1490898360000	2.3614	2.3614	2.3614	2.3614	11.961026
1490898540000	2.3591	2.3697	2.3697	2.3586	365.23571997999994
1490898600000	2.3609	2.3609	2.3609	2.3609	6.96454709
1490898660000	2.3686	2.3566	2.3686	2.3566	542.78509
1490898780000	2.362	2.3619	2.362	2.3619	806.26721952
1490898960000	2.362	2.362	2.362	2.362	75.047752
1490899080000	2.3746	2.375	2.375	2.3659	1499.9999999999998
1490899380000	2.3665	2.3785	2.3787	2.3665	1010.0
1490899440000	2.3732	2.365	2.3732	2.365	124.43434927
1490899740000	2.3685	2.3685	2.3685	2.3685	14.451244500000001
1490899800000	2.3662	2.3662	2.3662	2.3662	10.56
1490899980000	2.3679	2.3679	2.3679	2.3679	14.9999996
1490900400000	2.3776	2.3786	2.3786	2.3776	69.189301
1490900700000	2.3775	2.3775	2.3775	2.3775	49.6068
1490900760000	2.3783	2.3783	2.3783	2.3783	0.50306825
1490900940000	2.3776	2.3776	2.3776	2.3776	48.9058
1490901000000	2.3776	2.3776	2.3776	2.3776	48.5514
1490901060000	2.3781	2.3782	2.3782	2.3781	144.474
1490901120000	2.3776	2.3776	2.3776	2.3776	279.0631
1490901180000	2.3776	2.3776	2.3776	2.3776	264.834
1490901240000	2.3776	2.3851	2.3851	2.3776	1282.9472678899997
1490901300000	2.3868	2.388	2.388	2.3868	401.554845
1490901360000	2.388	2.388	2.388	2.388	60.0872
1490901420000	2.388	2.388	2.388	2.388	38.6374
1490901540000	2.388	2.388	2.388	2.388	16.47349594
1490901840000	2.3805	2.3805	2.3805	2.3805	53.567392
1490902200000	2.3927	2.3911	2.3931	2.3911	1369.21633578
1490902500000	2.3931	2.3872	2.3999	2.3862	5660.568622830001
1490902620000	2.3985	2.3971	2.3985	2.3971	20.27061703
1490902680000	2.3997	2.3975	2.4	2.3975	4050.0
1490902800000	2.3975	2.4	2.4	2.3975	920.3780009799999
1490902920000	2.4	2.4	2.4	2.3905	20.255975799999998
1490902980000	2.4009	2.401	2.401	2.3991	528.9623997799999
1490903220000	2.39	2.3932	2.3932	2.39	63.485601
1490903280000	2.39	2.39	2.39	2.39	150.0
1490903400000	2.39	2.39	2.39	2.39	160.826495
1490903580000	2.39	2.3999	2.3999	2.39	179.47601522000002
1490903760000	2.389	2.389	2.389	2.389	117.595264
1490903820000	2.3925	2.389	2.3925	2.389	35.362700000000004
1490903880000	2.389	2.3971	2.3971	2.389	577.2366782
1490903940000	2.3891	2.3891	2.3891	2.3891	42.372881
1490904000000	2.389	2.3893	2.3893	2.389	35.149
1490904060000	2.389	2.389	2.389	2.389	294.09958131999997
1490904180000	2.3849	2.3949	2.3949	2.3849	104.20143402
1490904420000	2.383	2.3782	2.383	2.3776	4001.0
1490904480000	2.3843	2.3782	2.3843	2.3782	328.45
1490904720000	2.3825	2.3825	2.3825	2.3825	6.132031
1490904960000	2.3875	2.3848	2.3875	2.3848	41.83256
1490905020000	2.3854	2.3875	2.3875	2.3854	211.17744
1490905440000	2.3855	2.395	2.395	2.3855	490.526706
1490905560000	2.3896	2.3894	2.3896	2.3894	35.29792567
1490905620000	2.391	2.395	2.395	2.3906	1163.617694
1490905680000	2.3939	2.3932	2.3939	2.3932	37.444426
1490905800000	2.3957	2.3962	2.3962	2.3957	20.549351299999998
1490905980000	2.398	2.3999	2.3999	2.398	600.0
1490906040000	2.3995	2.3999	2.3999	2.3995	30.718024380000003
1490906280000	2.3935	2.3935	2.3935	2.3935	0.64024981
1490906340000	2.394	2.394	2.394	2.394	110.67728681
1490906760000	2.3999	2.3999	2.3999	2.3999	1631.778
1490906820000	2.3999	2.3999	2.3999	2.3999	357.271255
1490906880000	2.3999	2.4	2.4	2.3999	9791.16993581
1490906940000	2.4015	2.4015	2.4015	2.4015	470.691975
1490907000000	2.4015	2.4015	2.4015	2.4015	190.50499328
1490907120000	2.4015	2.4015	2.4015	2.4015	75.536031
1490907180000	2.4015	2.4015	2.4015	2.4015	49.834119
1490907240000	2.4015	2.4015	2.4015	2.4015	367.70288172
1490907300000	2.4084	2.4099	2.4099	2.4033	40.0
1490907360000	2.407	2.407	2.407	2.407	65.790965
1490907420000	2.407	2.4065	2.42	2.4065	3798.44988658
1490907840000	2.4081	2.4081	2.4081	2.4081	5.000651
1490908080000	2.416	2.4214	2.4214	2.416	809.231905
1490908140000	2.422	2.43	2.43	2.4218	1287.942877
1490908200000	2.43	2.4322	2.4322	2.43	34.95616398
1490908260000	2.4332	2.4349	2.4399	2.4332	60.019999999999996
1490908320000	2.4399	2.4282	2.44	2.4282	443.562503
1490908560000	2.44	2.44	2.44	2.4399	412.035312
1490908620000	2.44	2.4397	2.4413	2.4397	812.7565079999999
1490908680000	2.4421	2.4497	2.4497	2.4421	70.97809459
1490908860000	2.4499	2.4499	2.4499	2.4497	1113.46824007
1490908920000	2.4499	2.446	2.45	2.446	5246.02627708
1490908980000	2.45	2.4524	2.4548	2.4499	1353.8158139999998
1490909040000	2.4569	2.4569	2.46	2.4569	1197.93578061
1490909100000	2.4599	2.458	2.47	2.4574	565.48088759
1490909220000	2.4587	2.46	2.4601	2.4587	223.512
1490909280000	2.46	2.4717	2.4999	2.46	11957.32838006
1490909340000	2.472	2.4999	2.4999	2.472	3992.8911980000003
1490909400000	2.4996	2.4872	2.4998	2.4802	3607.2508922399998
1490909460000	2.4974	2.4922	2.4999	2.485	2537.3362858899995
1490909520000	2.4907	2.5	2.5	2.49	19022.14344793
1490909580000	2.5113	2.5	2.5118	2.5	11913.17171496
1490909640000	2.5	2.5	2.5	2.4991	4068.93106154
1490909700000	2.5	2.5187	2.52	2.5	8270.16107148
1490909760000	2.5188	2.5315	2.5339	2.5186	4116.83221303
1490909820000	2.5303	2.5378	2.5379	2.5268	1186.78170127
1490909880000	2.538	2.5337	2.538	2.5251	1176.59826868
1490909940000	2.5379	2.5272	2.538	2.5272	2337.33945438
1490910000000	2.5379	2.5476	2.5499	2.5379	8397.54211368
1490910060000	2.5476	2.5499	2.5499	2.5476	3437.01386449
1490910120000	2.55	2.56	2.56	2.5499	3625.7901121800005
1490910180000	2.56	2.57	2.57	2.56	2380.90347698
1490910240000	2.57	2.5786	2.58	2.5695	1468.35733454
1490910300000	2.5748	2.5746	2.5779	2.5746	454.65550986000005
1490910360000	2.5746	2.56	2.5772	2.56	40.68746984
1490910420000	2.56	2.58	2.58	2.56	1378.0649533600003
1490910480000	2.58	2.5866	2.589	2.58	394.25157665
1490910540000	2.5897	2.59	2.59	2.5897	1753.53268191
1490910600000	2.5898	2.5898	2.59	2.5898	5338.47958827
1490910660000	2.589	2.59	2.59	2.589	1483.72186295
1490910720000	2.59	2.5999	2.5999	2.59	17813.411707869993
1490910780000	2.5999	2.6343	2.6346	2.5999	18317.26559746
1490910840000	2.6243	2.632	2.6334	2.6243	2337.16037353
1490910900000	2.6398	2.6499	2.6499	2.6398	2297.26162682
1490910960000	2.6499	2.66	2.66	2.6455	10358.392064819998
1490911020000	2.66	2.677	2.677	2.65	14691.281970819999
1490911080000	2.677	2.677	2.677	2.677	964.5436216300001
1490911140000	2.677	2.68	2.68	2.6602	7515.89571673
1490911200000	2.679	2.6999	2.6999	2.679	3548.0377918500003
1490911260000	2.6999	2.7	2.7	2.684	8995.79944212
1490911320000	2.7	2.74	2.74	2.7	35617.57466789
1490911380000	2.7499	2.76	2.77	2.7405	6653.362961699999
1490911440000	2.769	2.798	2.8	2.769	13527.580277669997
1490911500000	2.798	2.82	2.8499	2.7955	21288.770036600003
1490911560000	2.82	2.8498	2.85	2.8198	11152.849648139998
1490911620000	2.86	2.8896	2.89	2.85	9317.965843029999
1490911680000	2.89	2.89	2.89	2.88	16481.86941655
1490911740000	2.89	2.8899	2.89	2.8171	44010.695807600016
1490911800000	2.8899	2.9499	2.9499	2.8501	44978.95558469
1490911860000	2.9499	2.9501	3.0	2.9001	34880.302965699986
1490911920000	2.9511	2.92	2.9511	2.9001	5934.430865269999
1490911980000	2.9001	2.7989	2.9199	2.7571	24178.679229639998
1490912040000	2.7989	2.76	2.8499	2.7551	9122.509358770001
1490912100000	2.8472	2.7501	2.8499	2.7501	7218.776539199999
1490912160000	2.7701	2.79	2.7998	2.7032	31909.37297558001
1490912220000	2.7897	2.7998	2.7998	2.7848	3284.10737082
1490912280000	2.789	2.72	2.7998	2.711	13862.72773776
1490912340000	2.7502	2.71	2.7502	2.706	5444.87048249
1490912400000	2.7101	2.7385	2.7479	2.706	2165.41790808
1490912460000	2.7364	2.753	2.753	2.706	2146.5795413
1490912520000	2.7899	2.789	2.7999	2.75	10465.61199362
1490912580000	2.7995	2.7989	2.7998	2.7601	2889.1452768399995
1490912640000	2.7605	2.73	2.7701	2.73	3461.0355313
1490912700000	2.7296	2.72	2.7296	2.71	1613.972
1490912760000	2.7102	2.71	2.7505	2.71	2524.88498
1490912820000	2.745	2.7392	2.745	2.7392	143.15503329
1490912880000	2.7392	2.7392	2.7392	2.7392	3.0111016499999996
1490912940000	2.7391	2.8003	2.801	2.7391	4730.5448116
1490913000000	2.801	2.7521	2.801	2.7513	6986.754060300001
1490913060000	2.7986	2.8	2.8	2.78	600.40190632
1490913120000	2.78	2.81	2.8169	2.76	10840.16288543
1490913180000	2.812	2.83	2.8315	2.78	1233.431279
1490913240000	2.8295	2.8	2.8315	2.8	518.01357075
1490913300000	2.8334	2.8334	2.8334	2.8332	324.68783099999996
1490913360000	2.8298	2.825	2.83	2.8248	3000.7121296
1490913420000	2.8248	2.8289	2.829	2.8245	3737.8299460400003
1490913480000	2.8289	2.8288	2.829	2.825	3569.2172402800006
1490913540000	2.8287	2.7601	2.8287	2.76	5041.4365595
1490913600000	2.825	2.8021	2.8367	2.8008	5502.62022714
1490913660000	2.802	2.76	2.802	2.7501	15739.723693929996
1490913720000	2.757	2.8114	2.8114	2.7198	2901.4952222199995
1490913780000	2.7308	2.7309	2.731	2.7308	80.0
1490913840000	2.7741	2.7106	2.7741	2.71	2940.84749962
1490913900000	2.71	2.71	2.7108	2.71	12515.151091270001
1490913960000	2.7116	2.7189	2.7234	2.71	3667.3876635899996
1490914020000	2.7193	2.7222	2.7401	2.71	18578.896700709996
1490914080000	2.753	2.7497	2.753	2.71	2990.5357227699997
1490914260000	2.7648	2.7697	2.7714	2.7648	813.6019
1490914320000	2.77	2.75	2.77	2.75	531.308981
1490914380000	2.77	2.77	2.77	2.77	597.01668197
1490914440000	2.77	2.7899	2.7899	2.77	66.80088058
1490914500000	2.7864	2.7999	2.8	2.7864	2284.4227812
1490914560000	2.8005	2.8032	2.8032	2.7905	640.3514589399999
1490914680000	2.79	2.79	2.7986	2.79	532.4798499999999
1490914740000	2.79	2.79	2.7911	2.79	794.5699910000001
1490914800000	2.7985	2.7947	2.7985	2.7947	176.30395600000003
1490914860000	2.79	2.79	2.7902	2.79	866.50014
1490914920000	2.79	2.79	2.79	2.79	2082.33798197
1490914980000	2.791	2.79	2.791	2.79	266.0
1490915040000	2.7858	2.801	2.801	2.7858	3436.7541582999997
1490915100000	2.801	2.774	2.801	2.7518	8998.4342338
1490915160000	2.774	2.749	2.774	2.7323	1486.0345051999998
1490915220000	2.7491	2.74	2.7578	2.7101	3223.499291969999
1490915280000	2.7373	2.7297	2.7377	2.71	5390.262825410002
1490915340000	2.7297	2.7196	2.7297	2.71	1028.7908744000001
1490915400000	2.7196	2.7	2.7201	2.7	11295.353024469998
1490915460000	2.701	2.701	2.701	2.7	4272.70755765
1490915520000	2.701	2.7158	2.7162	2.7	2792.912858029999
1490915580000	2.7157	2.7221	2.7261	2.7002	814.3674548099998
1490915640000	2.7101	2.715	2.7212	2.7	9538.30037986
1490915700000	2.7057	2.7021	2.7179	2.7021	785.18052157
1490915760000	2.7026	2.7164	2.7165	2.701	1978.162763
1490915820000	2.7165	2.7165	2.7165	2.7155	1491.991755
1490915880000	2.7073	2.7	2.7074	2.7	8112.58971871
1490915940000	2.6945	2.6868	2.7	2.663	1164.4915244899998
1490916000000	2.6874	2.6989	2.6989	2.6874	542.39438088
1490916060000	2.675	2.7	2.7	2.6741	2609.1073632
1490916120000	2.7	2.6999	2.7	2.6995	1952.4775829999999
1490916180000	2.6786	2.6949	2.6949	2.6786	145.0
1490916240000	2.6986	2.6999	2.7	2.6986	2741.817508
1490916300000	2.6988	2.7	2.7	2.6988	992.19723718
1490916360000	2.7086	2.7181	2.7181	2.7086	150.1785959
1490916420000	2.7137	2.718	2.718	2.713	414.56604937
1490916480000	2.7191	2.7191	2.7191	2.7191	23.0
1490916540000	2.721	2.7254	2.7254	2.71	7413.840125999999
1490916600000	2.7207	2.735	2.735	2.7206	727.233801
1490916660000	2.7248	2.725	2.725	2.7248	1348.577
1490916720000	2.725	2.725	2.7255	2.7249	1226.4187612
1490916780000	2.7255	2.7319	2.7349	2.725	1346.116361
1490916900000	2.725	2.725	2.725	2.725	23.513357
1490916960000	2.7306	2.7315	2.7315	2.7306	1479.7094
1490917020000	2.7314	2.7407	2.7407	2.7314	1396.247
1490917080000	2.7369	2.737	2.737	2.7369	1452.065397
1490917140000	2.748	2.77	2.77	2.748	5106.28925956
1490917200000	2.7619	2.76	2.79	2.7547	19546.393662870003
1490917260000	2.78	2.7788	2.78	2.7788	3342.2322083899994
1490917320000	2.7786	2.788	2.788	2.7786	1194.05181955
1490917380000	2.7888	2.79	2.799	2.7735	3346.7329870000003
1490917440000	2.79	2.79	2.79	2.79	354.92694400000005
1490917500000	2.7898	2.7896	2.79	2.7896	3492.743531
1490917560000	2.7894	2.8	2.8	2.7894	5505.7338629999995
1490917620000	2.8	2.8235	2.8238	2.8	4592.95837588
1490917680000	2.805	2.8203	2.8239	2.805	1906.85059753
1490917740000	2.8239	2.8239	2.8239	2.8212	731.7136854099999
1490917800000	2.8239	2.826	2.826	2.8239	3320.84452159
1490917860000	2.826	2.8536	2.8552	2.8241	4817.528880950001
1490917920000	2.8525	2.85	2.8607	2.8323	440.36832158000004
1490917980000	2.86	2.86	2.8631	2.8597	225.08864117000002
1490918040000	2.8732	2.8659	2.8735	2.8659	1964.4369002
1490918100000	2.8387	2.8592	2.8614	2.8387	2598.6801900000005
1490918160000	2.8591	2.8557	2.8591	2.8557	609.171017
1490918220000	2.8442	2.8442	2.8442	2.8442	3.87412984
1490918280000	2.8429	2.858	2.858	2.8398	4333.470262999999
1490918340000	2.8414	2.82	2.855	2.82	4902.02893465
1490918400000	2.82	2.802	2.82	2.8007	4250.53561898
1490918460000	2.803	2.8006	2.8048	2.8006	323.828521
1490918520000	2.804	2.8136	2.8166	2.804	941.73
1490918580000	2.8017	2.8003	2.8182	2.8003	773.07626824
1490918640000	2.8004	2.8004	2.8004	2.8	339.74733797
1490918700000	2.7892	2.7868	2.7892	2.7868	101.93711594
1490918820000	2.7698	2.7687	2.7698	2.7687	50.0
1490918880000	2.78	2.7816	2.7816	2.7794	332.02296900000005
1490918940000	2.7816	2.7909	2.7909	2.7769	1728.0681310000002
1490919000000	2.78	2.782	2.782	2.7693	1783.8498790000003
1490919060000	2.7826	2.7826	2.7826	2.7826	54.440121
1490919240000	2.7979	2.8	2.8	2.7979	243.23640899999998
1490919300000	2.7994	2.8	2.8	2.7988	618.7225061
1490919420000	2.7999	2.7999	2.7999	2.7999	119.0
1490919480000	2.79	2.79	2.79	2.79	49.102804109999994
1490919540000	2.79	2.8026	2.8026	2.79	938.874136
1490919600000	2.802	2.802	2.802	2.802	300.0
1490919660000	2.8	2.8037	2.8037	2.8	200.0
1490919780000	2.7865	2.7783	2.7865	2.7783	31.286988
1490919840000	2.7778	2.7778	2.7778	2.7778	300.0
1490919900000	2.7782	2.7929	2.7935	2.7782	150.0
1490920080000	2.7755	2.776	2.776	2.7755	281.372629
1490920140000	2.7755	2.7755	2.7755	2.7755	35.517264
1490920200000	2.7755	2.775	2.7755	2.775	888.587736
1490920380000	2.7583	2.7501	2.7588	2.7501	2000.0
1490920440000	2.7513	2.7513	2.7513	2.7513	750.0
1490920560000	2.7523	2.7523	2.7523	2.7523	100.0
1490920620000	2.77	2.77	2.77	2.77	235.18427499999999
1490920680000	2.7507	2.7507	2.7507	2.7501	22.75
1490920740000	2.7501	2.7501	2.7501	2.7501	116.376094
1490920860000	2.7709	2.78	2.78	2.7576	846.253684
1490920920000	2.7551	2.78	2.78	2.7551	713.6795689999999
1490920980000	2.78	2.793	2.793	2.7799	1244.21027945
1490921040000	2.767	2.767	2.767	2.767	0.1
1490921220000	2.7793	2.7573	2.7836	2.7573	663.927
1490921280000	2.7773	2.7791	2.7791	2.7773	343.777024
1490921400000	2.7542	2.7542	2.7542	2.7542	0.1
1490921460000	2.7697	2.7553	2.7697	2.7553	5.1
1490921520000	2.7558	2.7553	2.7558	2.7553	115.174224
1490921580000	2.7553	2.7501	2.7553	2.7501	2316.09149882
1490921640000	2.7538	2.7564	2.7564	2.7501	2065.445473
1490921700000	2.7501	2.7342	2.7501	2.7342	892.147596
1490921760000	2.7304	2.7	2.7342	2.7	15999.999999999998
1490921820000	2.7086	2.7	2.7089	2.695	18005.300000000003
1490921880000	2.7	2.6975	2.7	2.6975	1906.42440256
1490921940000	2.69	2.69	2.69	2.69	111.17472118
1490922000000	2.6895	2.6695	2.6895	2.6695	206.36775666
1490922060000	2.6694	2.6757	2.6785	2.6644	3670.697
1490922120000	2.663	2.6677	2.6731	2.663	2160.3514338200002
1490922180000	2.663	2.663	2.6632	2.663	268.001937
1490922240000	2.663	2.6605	2.663	2.6605	691.52172857
1490922300000	2.6543	2.6535	2.6543	2.6535	193.35312899999994
1490922360000	2.654	2.6292	2.654	2.6291	5644.595118999999
1490922420000	2.641	2.641	2.641	2.641	162.313078
1490922480000	2.641	2.645	2.6486	2.64	2294.52621132
1490922540000	2.6337	2.624	2.6432	2.624	1138.4909128099998
1490922600000	2.625	2.6349	2.6349	2.625	569.883
1490922660000	2.6269	2.6269	2.6269	2.6269	0.1
1490922720000	2.6269	2.6269	2.6269	2.6269	5.0
1490922780000	2.6357	2.651	2.651	2.6356	129.92027
1490922840000	2.6445	2.6407	2.6445	2.6407	220.90857599999998
1490922900000	2.6546	2.6546	2.6546	2.6546	20.0
1490922960000	2.65	2.6404	2.65	2.6404	206.396386
1490923080000	2.6569	2.6413	2.6571	2.6413	2118.3477900000003
1490923140000	2.6505	2.6576	2.6589	2.6505	997.4092
1490923200000	2.6505	2.662	2.6624	2.6505	5897.92330601
1490923260000	2.662	2.662	2.662	2.662	50.0
1490923320000	2.657	2.6597	2.6597	2.6418	3580.0822369999996
1490923380000	2.6648	2.6678	2.6678	2.6648	565.1264030000001
1490923440000	2.6697	2.6697	2.6697	2.6697	138.562691
1490923560000	2.668	2.6651	2.6696	2.6651	1062.688483
1490923680000	2.6698	2.666	2.6698	2.6563	734.378785
1490923800000	2.6757	2.6783	2.6783	2.6757	322.276579
1490923860000	2.6777	2.6918	2.6918	2.6762	939.226148
1490923920000	2.6906	2.6906	2.6906	2.6906	100.0
1490923980000	2.6847	2.6928	2.6929	2.6838	967.2842939999999
1490924040000	2.6894	2.6918	2.6918	2.6894	351.8287
1490924100000	2.6909	2.6907	2.6909	2.6905	150.752449
1490924160000	2.6867	2.6803	2.6867	2.6803	439.25615000000005
1490924340000	2.66	2.66	2.66	2.66	502.1
1490924460000	2.666	2.666	2.666	2.666	0.1722
1490924520000	2.6657	2.67	2.67	2.6653	1033.2121149099999
1490924580000	2.666	2.666	2.666	2.666	150.0
1490924640000	2.6648	2.6666	2.6666	2.6645	416.799632
1490924700000	2.66	2.6794	2.69	2.6577	3535.7292980399993
1490924820000	2.6819	2.6834	2.6834	2.6819	0.2
1490924880000	2.6843	2.6936	2.6936	2.6842	168.753489
1490924940000	2.6997	2.6989	2.6997	2.6972	100.10000000000001
1490925060000	2.6935	2.6976	2.6976	2.6935	127.58576145
1490925120000	2.6976	2.6976	2.6976	2.6976	50.0
1490925180000	2.6998	2.6999	2.6999	2.6976	1024.873869
1490925240000	2.6997	2.6999	2.6999	2.6997	1382.578953
1490925300000	2.6992	2.6999	2.7	2.6992	3591.905219
1490925360000	2.6999	2.7124	2.719	2.6999	995.5022466500001
1490925420000	2.7125	2.7125	2.7125	2.7125	0.11
1490925480000	2.7125	2.7179	2.718	2.7125	0.33
1490925540000	2.7141	2.7162	2.7162	2.7141	15.0
1490925600000	2.6722	2.6722	2.6722	2.6722	121.880817
1490925660000	2.7083	2.7134	2.7134	2.7083	0.22
1490925840000	2.6995	2.6995	2.6995	2.6995	100.0
1490925900000	2.6892	2.7096	2.7096	2.6892	707.769013
1490926020000	2.7051	2.7051	2.7051	2.7051	2.0
1490926200000	2.7138	2.7138	2.7138	2.7138	0.11
1490926380000	2.7095	2.7087	2.7095	2.6854	203.72796633
1490926440000	2.7088	2.7214	2.7214	2.7088	987.212343
1490926620000	2.7138	2.7137	2.7152	2.6878	1043.73503415
1490926680000	2.7015	2.6969	2.7033	2.6651	3085.39691717
1490926740000	2.7	2.706	2.706	2.7	34.0
1490926800000	2.7059	2.7054	2.7059	2.7048	510.25497599999994
1490926860000	2.691	2.6907	2.691	2.6906	1087.2883075
1490926920000	2.675	2.6903	2.6903	2.675	151.5
1490926980000	2.6862	2.6862	2.6862	2.6862	30.0
1490927040000	2.6783	2.6788	2.6788	2.6783	323.724398
1490927160000	2.6797	2.6797	2.6797	2.6797	34.429248
1490927220000	2.6783	2.6602	2.6783	2.6602	80.70999594
1490927280000	2.6609	2.66	2.6609	2.6502	404.14013723999994
1490927340000	2.66	2.6501	2.66	2.6501	2052.08761383
1490927400000	2.6501	2.6501	2.6501	2.6501	1059.009031
1490927460000	2.6501	2.6501	2.6501	2.6501	1211.117202
1490927520000	2.6501	2.645	2.6501	2.645	962.222024
1490927580000	2.6257	2.6257	2.6257	2.6257	1979.1205295700001
1490927640000	2.626	2.6257	2.626	2.6257	39.526961
1490927700000	2.6257	2.6306	2.6306	2.6257	1104.9710426499998
1490928060000	2.6347	2.6348	2.6348	2.6347	500.0
1490928120000	2.6325	2.625	2.6325	2.625	1873.618437
1490928180000	2.625	2.626	2.6274	2.625	484.009356
1490928240000	2.626	2.626	2.626	2.624	1130.4939980000001
1490928300000	2.626	2.626	2.626	2.626	51.89
1490928360000	2.626	2.626	2.626	2.626	145.227967
1490928420000	2.624	2.624	2.624	2.624	3497.9
1490928540000	2.623	2.624	2.624	2.623	2000.0
1490928600000	2.6245	2.625	2.625	2.6245	142.79972199999997
1490928780000	2.625	2.66	2.67	2.625	10522.811244410002
1490928900000	2.6535	2.6591	2.66	2.6535	2184.800146
1490928960000	2.6599	2.6633	2.6749	2.6599	3642.0856581900002
1490929020000	2.6707	2.6753	2.6884	2.6673	2426.88108116
1490929080000	2.6814	2.681	2.6815	2.6757	546.8987450000001
1490929140000	2.6803	2.699	2.699	2.6705	3251.0383589999997
1490929200000	2.6944	2.6998	2.6999	2.6944	843.3414019999999
1490929260000	2.6991	2.6999	2.6999	2.6967	3306.0902050000004
1490929320000	2.6921	2.6811	2.7009	2.681	4513.117835
1490929440000	2.6978	2.6999	2.6999	2.6978	50.0
1490929560000	2.699	2.699	2.699	2.699	289.784622
1490929620000	2.7	2.7	2.7	2.7	1024.402002
1490929680000	2.6996	2.6996	2.6996	2.6996	81.396963
1490929740000	2.6943	2.6999	2.7	2.6783	2165.17650146
1490929800000	2.6825	2.6825	2.6825	2.6824	2562.8635
1490929920000	2.6862	2.6998	2.6998	2.6862	1638.338577
1490929980000	2.671	2.6707	2.6711	2.67	902.9151203199999
1490930100000	2.69	2.6525	2.69	2.6525	3632.50981623
1490930160000	2.6866	2.6876	2.6877	2.6556	932.107818
1490930220000	2.6641	2.6641	2.6641	2.6641	0.1
1490930280000	2.6667	2.6542	2.6798	2.6526	231.55650999999997
1490930400000	2.6862	2.669	2.6862	2.669	118.393259
1490930460000	2.652	2.652	2.652	2.652	0.1
1490930700000	2.6778	2.6778	2.6778	2.6778	39.260933
1490930880000	2.6683	2.6683	2.6683	2.6683	0.1
1490931000000	2.6804	2.6844	2.6844	2.6804	231.35199999999998
1490931060000	2.6841	2.6807	2.6841	2.6807	226.969
1490931120000	2.6807	2.6805	2.6807	2.6805	100.9232
1490931180000	2.6848	2.67	2.6891	2.67	548.559202
1490931300000	2.6822	2.684	2.684	2.6822	0.2
1490931360000	2.6854	2.6854	2.6854	2.6854	0.1
1490931600000	2.6658	2.6658	2.6658	2.6658	222.223752
1490931660000	2.6668	2.6668	2.6668	2.6668	21.284501
1490931780000	2.675	2.675	2.675	2.675	145.2
1490931840000	2.6744	2.675	2.675	2.6744	705.0
1490931900000	2.6691	2.6691	2.6691	2.6691	153.0
1490931960000	2.6669	2.659	2.6751	2.659	1492.7348253799998
1490932020000	2.659	2.6583	2.659	2.6583	74.51007
1490932080000	2.6505	2.6501	2.6505	2.6501	1348.054095
1490932140000	2.6501	2.6501	2.6532	2.6501	2530.0828770000003
1490932200000	2.6501	2.6501	2.6501	2.6501	668.6806389999999
1490932260000	2.6501	2.6501	2.6501	2.65	1043.303536
1490932320000	2.6507	2.6508	2.6508	2.6503	1599.922
1490932380000	2.645	2.645	2.645	2.645	490.5
1490932440000	2.6454	2.6511	2.6511	2.6352	3278.29559411
1490932500000	2.6475	2.6352	2.6475	2.6324	799.633
1490932620000	2.6323	2.623	2.6327	2.623	900.1
1490932680000	2.623	2.623	2.623	2.623	161.24195799999998
1490932740000	2.623	2.623	2.623	2.623	2131.63800457
1490932800000	2.623	2.6235	2.6257	2.623	137.388488
1490932860000	2.6233	2.623	2.6233	2.623	9.2
1490932920000	2.623	2.623	2.6235	2.623	486.8225
1490932980000	2.6249	2.6346	2.6354	2.6249	1357.2109999999998
1490933040000	2.625	2.6255	2.6255	2.625	1.100001
1490933100000	2.6253	2.623	2.6253	2.623	974.6402499999998
1490933160000	2.623	2.623	2.6405	2.623	1056.8564099999999
1490933220000	2.623	2.6293	2.6294	2.623	1373.690958
1490933280000	2.623	2.6035	2.6263	2.603	4051.7740319099994
1490933340000	2.6109	2.603	2.6109	2.603	100.1
1490933460000	2.625	2.6231	2.625	2.6231	61.721421
1490933580000	2.6138	2.6151	2.6151	2.6138	1540.891142
1490933640000	2.603	2.603	2.603	2.603	0.1
1490933700000	2.603	2.603	2.603	2.603	140.361122
1490933760000	2.6059	2.603	2.607	2.603	4263.14372931
1490933820000	2.603	2.6001	2.606	2.6001	5829.234566060001
1490933880000	2.6033	2.6005	2.604	2.6001	3895.3919479999995
1490933940000	2.6001	2.6001	2.6001	2.6001	48.812004
1490934000000	2.6001	2.6001	2.6001	2.6001	349.40154900000005
1490934120000	2.604	2.6	2.604	2.6	3900.1
1490934240000	2.6	2.6	2.6	2.6	10.0
1490934300000	2.604	2.6	2.604	2.6	30.1
1490934420000	2.6227	2.629	2.629	2.604	4286.3145464399995
1490934540000	2.6489	2.6489	2.6489	2.6489	78.9
1490934660000	2.6303	2.6303	2.6303	2.6303	2.0
1490934780000	2.63	2.63	2.63	2.63	2.010112
1490934840000	2.63	2.6497	2.6497	2.63	378.0
1490935020000	2.6499	2.6499	2.6499	2.6499	1722.334
1490935080000	2.6499	2.6935	2.6935	2.6499	2737.6796754599995
1490935140000	2.6914	2.6898	2.6914	2.6692	519.129081
1490935260000	2.683	2.6998	2.6998	2.683	864.3575870499999
1490935380000	2.6972	2.6997	2.6999	2.6946	222.63246399999997
1490935440000	2.6999	2.6999	2.6999	2.6999	1246.98237
1490935500000	2.6999	2.6999	2.6999	2.6999	840.815206
1490935560000	2.6997	2.7	2.7	2.6997	2287.79147453
1490935620000	2.7	2.7	2.7	2.7	2051.8134396099995
1490935860000	2.7192	2.7338	2.7338	2.7191	880.75032142
1490935980000	2.712	2.718	2.7207	2.712	414.99999999999994
1490936100000	2.7101	2.7101	2.7101	2.7101	1.0
1490936160000	2.7101	2.7101	2.7101	2.7101	2.0
1490936400000	2.6888	2.6888	2.6888	2.6888	349.475
1490936460000	2.7027	2.7027	2.7027	2.7027	3.940407
1490936700000	2.6869	2.6869	2.6869	2.6869	6.1
1490936820000	2.6834	2.6834	2.6834	2.6834	58.252295
1490936880000	2.6848	2.6848	2.6848	2.6848	17.275274
1490937060000	2.6875	2.6875	2.6875	2.6875	10.0
1490937300000	2.6875	2.6875	2.6875	2.6875	74.0
1490937420000	2.6817	2.6746	2.6817	2.6746	688.228337
1490937600000	2.6758	2.6758	2.6758	2.6758	35.71724508
1490937720000	2.6771	2.6776	2.6776	2.6771	114.98
1490938080000	2.678	2.678	2.678	2.678	552.392
1490938440000	2.6796	2.6796	2.6796	2.6796	256.6644
1490938500000	2.6808	2.6826	2.6827	2.6807	500.283704
1490938560000	2.6819	2.6819	2.6819	2.6819	558.975
1490938620000	2.6875	2.6875	2.6875	2.6875	18.788226100000003
1490938680000	2.6875	2.69	2.69	2.6875	57.2117739
1490938740000	2.7	2.7	2.7	2.7	157.92
1490939040000	2.7	2.7095	2.7095	2.7	94.4837
1490939100000	2.7072	2.7072	2.7072	2.7072	91.923
1490939160000	2.711	2.711	2.711	2.711	12.550359
1490939220000	2.7174	2.7176	2.7176	2.7174	805.556313
1490939280000	2.7173	2.7173	2.7173	2.7173	6.28131
1490939400000	2.7232	2.7232	2.7232	2.7232	5.53605376
1490939460000	2.7165	2.7194	2.7249	2.7165	106.92682006000001
1490939520000	2.7244	2.7232	2.7244	2.7232	100.0
1490939580000	2.7249	2.7244	2.7249	2.72	255.793107
1490939640000	2.723	2.725	2.725	2.7221	400.86102600000004
1490939700000	2.725	2.7238	2.73	2.7238	780.170664
1490939760000	2.7287	2.7266	2.7287	2.7266	75.38802
1490939820000	2.7257	2.73	2.73	2.7255	236.20060789
1490939880000	2.7375	2.7362	2.738	2.7355	325.665384
1490939940000	2.7371	2.74	2.74	2.737	599.69055251
1490940000000	2.7333	2.733	2.7341	2.733	1144.5106279999998
1490940060000	2.7238	2.7325	2.7325	2.7238	7.852460839999999
1490940120000	2.7329	2.733	2.733	2.7323	461.12658
1490940180000	2.7329	2.7295	2.733	2.7295	745.748973
1490940300000	2.7324	2.73	2.7324	2.73	1.1
1490940360000	2.733	2.7318	2.733	2.7318	98.92831274
1490940480000	2.731	2.731	2.731	2.731	63.952306
1490940540000	2.7329	2.741	2.741	2.7324	528.009283
1490940600000	2.741	2.7499	2.7499	2.741	1403.82690254
1490940660000	2.7491	2.7499	2.7499	2.7491	198.9084
1490940720000	2.7498	2.7499	2.7499	2.7498	3159.231197
1490940780000	2.75	2.75	2.75	2.7329	251.84333
1490940840000	2.75	2.75	2.75	2.75	59.874018
1490940960000	2.7548	2.7453	2.7621	2.7453	6250.661476439999
1490941020000	2.7618	2.7662	2.7662	2.7618	0.76533
1490941080000	2.7662	2.7662	2.7662	2.7662	0.2
1490941200000	2.7435	2.7662	2.7662	2.74	8673.574176200002
1490941260000	2.7654	2.7524	2.7654	2.7488	808.18949762
1490941320000	2.7662	2.7662	2.7662	2.7662	218.89381099999997
1490941380000	2.7662	2.7662	2.7662	2.7662	425.455863
1490941440000	2.7662	2.7647	2.7662	2.7629	2562.4096999999997
1490941500000	2.7662	2.7662	2.7662	2.7662	138.663
1490941560000	2.7662	2.77	2.77	2.7662	3992.4462366700027
1490941620000	2.773	2.775	2.775	2.773	5010.0
1490941680000	2.78	2.78	2.78	2.78	3.578467
1490941800000	2.7751	2.7759	2.7759	2.7749	508.04113199999995
1490941860000	2.7652	2.7306	2.7652	2.7306	382.30717200000004
1490941920000	2.7297	2.72	2.7297	2.72	500.00000000000006
1490941980000	2.7415	2.7409	2.7415	2.7409	4.0
1490942040000	2.721	2.7148	2.721	2.7148	150.0
1490942160000	2.7315	2.7315	2.7315	2.7315	98.80122866
1490942220000	2.7205	2.7205	2.7205	2.7205	17.446415
1490942280000	2.7205	2.7257	2.7257	2.7205	163.71911581
1490942340000	2.7245	2.7245	2.7245	2.7245	100.0
1490942400000	2.7175	2.7175	2.7175	2.7175	84.4476
1490942460000	2.7215	2.7539	2.7718	2.7212	13116.93763698
1490942580000	2.724	2.7699	2.7703	2.724	66.84049999999999
1490942640000	2.7687	2.7687	2.7687	2.7687	1.0
1490942760000	2.7229	2.7229	2.7229	2.7229	1.008127
1490942820000	2.736	2.736	2.736	2.736	95.7883
1490943000000	2.7273	2.7278	2.7278	2.7273	6.002967999999999
1490943120000	2.7141	2.737	2.737	2.714	1513.9677350000002
1490943660000	2.7208	2.7208	2.7208	2.7208	27.093707
1490943720000	2.7206	2.7206	2.7206	2.7206	10.0
1490943960000	2.7397	2.7398	2.7398	2.7397	124.931184
1490944020000	2.7381	2.7387	2.7387	2.7381	359.05491700000005
1490944200000	2.7177	2.7177	2.7177	2.7177	1.508978
1490944260000	2.7268	2.7268	2.7268	2.7268	111.721778
1490944320000	2.721	2.721	2.721	2.721	25.17773139
1490944680000	2.7218	2.7057	2.7341	2.7057	3000.0
1490944740000	2.7218	2.7005	2.7218	2.7005	1923.0383000000002
1490944800000	2.7015	2.7001	2.7015	2.7001	1545.056874
1490944860000	2.7001	2.7001	2.7001	2.7001	1698.101214
1490944920000	2.704	2.7001	2.704	2.7001	723.1103929999999
1490944980000	2.7001	2.7001	2.7001	2.7001	913.718212
1490945040000	2.7029	2.702	2.7029	2.702	2.0
1490945220000	2.6928	2.6928	2.6928	2.6928	2469.484063
1490945340000	2.6928	2.6928	2.6928	2.6928	2345.0290998600003
1490945400000	2.6928	2.6826	2.6928	2.6826	1398.05842614
1490945460000	2.6826	2.6826	2.6826	2.6826	1312.2138
1490945760000	2.6826	2.6826	2.6826	2.6826	2050.0
1490945820000	2.6832	2.6826	2.6832	2.6826	444.691808
1490945940000	2.677	2.677	2.677	2.677	2.554282
1490946000000	2.6761	2.6761	2.6761	2.6761	5.992296
1490946060000	2.6578	2.6583	2.6583	2.6578	426.519364
1490946120000	2.6542	2.6542	2.6542	2.6542	50.0
1490946180000	2.663	2.663	2.663	2.663	1.251689
1490946480000	2.6735	2.6735	2.6735	2.6735	30.067162
1490946540000	2.6785	2.6785	2.6785	2.6785	83.2372
1490946600000	2.6707	2.6707	2.6707	2.6707	109.313035
1490947380000	2.6935	2.6935	2.6935	2.6935	300.0
1490947560000	2.7017	2.7176	2.7176	2.7017	150.0
1490947620000	2.7229	2.7234	2.7234	2.7227	1148.64037392
1490948040000	2.7211	2.714	2.7211	2.714	68.47507775999999
1490948280000	2.7223	2.7327	2.7327	2.7223	6.196493
1490948520000	2.732	2.732	2.732	2.732	9.998314
1490948580000	2.732	2.732	2.732	2.732	282.01504366
1490948760000	2.7315	2.7315	2.7315	2.7315	73.607
1490948820000	2.7391	2.7499	2.7499	2.7387	5000.0
1490949060000	2.7477	2.7498	2.7498	2.7477	700.0
1490949120000	2.7361	2.7361	2.7361	2.7361	207.481926
1490949300000	2.7453	2.7454	2.7454	2.7453	545.351
1490949360000	2.7498	2.7498	2.7498	2.7498	100.0
1490949420000	2.7378	2.7384	2.75	2.7378	1002.558775
1490949480000	2.75	2.7432	2.75	2.7432	112.51465
1490949780000	2.7456	2.7456	2.7456	2.7456	4.94767554
1490950020000	2.754	2.7638	2.7638	2.754	556.6080999999999
1490950080000	2.7563	2.7741	2.7741	2.7563	252.0
1490950200000	2.757	2.757	2.757	2.757	1.0145
1490950380000	2.7728	2.779	2.78	2.7728	999.9999999999999
1490950440000	2.7757	2.7758	2.7758	2.7757	1000.0
1490950500000	2.772	2.7789	2.78	2.7716	4050.60774314
1490950560000	2.7795	2.7795	2.7795	2.7795	171.701419
1490950740000	2.78	2.78	2.78	2.78	156.744164
1490950800000	2.78	2.78	2.78	2.78	70.0
1490950860000	2.78	2.7819	2.7819	2.78	3169.9176476300004
1490950920000	2.7811	2.785	2.785	2.7811	20.135199999999998
1490950980000	2.7861	2.7861	2.7861	2.7861	1.2981555
1490951040000	2.7861	2.7875	2.7875	2.7861	57.000040049999996
1490951100000	2.788	2.7932	2.795	2.788	925.422579
1490951160000	2.7926	2.7926	2.7926	2.7926	9.0
1490951220000	2.794	2.7999	2.7999	2.7936	2063.7637018100004
1490951280000	2.7974	2.7974	2.7974	2.7974	18.24738126
1490951340000	2.798	2.7981	2.7981	2.798	100.0
1490951400000	2.7998	2.7999	2.7999	2.7943	1438.342431
1490951580000	2.7999	2.7945	2.7999	2.7945	1950.0
1490951760000	2.7986	2.795	2.7994	2.795	239.0
1490951940000	2.7994	2.7998	2.7998	2.7993	1196.430519
1490952060000	2.7976	2.7856	2.7999	2.7856	1001.0
1490952180000	2.7995	2.7995	2.7999	2.7995	239.439898
1490952240000	2.7989	2.8	2.8	2.7989	300.0
1490952300000	2.8	2.8	2.8	2.8	1845.2117230000001
1490952360000	2.8	2.8	2.8	2.8	204.41294399999998
1490952420000	2.8	2.799	2.8	2.799	650.000652
1490952480000	2.799	2.799	2.799	2.799	187.8173
1490952540000	2.799	2.8	2.8	2.799	1122.918448
1490952600000	2.8	2.8	2.8	2.7981	1900.1120879999999
1490952660000	2.8	2.8	2.8005	2.8	4181.814454089999
1490952720000	2.8147	2.815	2.815	2.8147	39.7348
1490952780000	2.8249	2.8319	2.8319	2.8249	154.74919599999998
1490952840000	2.8339	2.8438	2.8438	2.8339	310.0
1490952960000	2.8425	2.847	2.847	2.8422	1007.0
1490953020000	2.8305	2.847	2.847	2.8305	856.86312321
1490953080000	2.8461	2.8465	2.8466	2.8443	251.00000000000003
1490953140000	2.845	2.846	2.846	2.845	30.0
1490953260000	2.8385	2.8385	2.8385	2.8385	50.0
1490953320000	2.8385	2.8385	2.8385	2.8385	200.0
1490953380000	2.8385	2.848	2.848	2.8385	353.32964694000003
1490953440000	2.8385	2.8347	2.848	2.8306	6385.1461
1490953500000	2.8493	2.8499	2.8499	2.8436	6248.7299490000005
1490953560000	2.8448	2.8506	2.8506	2.8448	1459.5955093799998
1490953620000	2.8522	2.8565	2.8565	2.8509	92.01315
1490953680000	2.8565	2.8565	2.8565	2.8565	521.573
1490953740000	2.8565	2.8565	2.8565	2.8565	4415.37552033
1490953800000	2.8678	2.875	2.875	2.8678	3383.79836378
1490953860000	2.8785	2.8864	2.8865	2.8785	845.4474829599999
1490953920000	2.8867	2.8928	2.8928	2.8867	299.73472226
1490953980000	2.8928	2.8913	2.8928	2.8795	2511.001187
1490954040000	2.8825	2.8885	2.8922	2.8778	2318.31243396
1490954100000	2.8892	2.8894	2.8894	2.8889	430.549947
1490954160000	2.8888	2.8889	2.8889	2.8888	500.0
1490954220000	2.8813	2.8813	2.8813	2.8813	100.764842
1490954280000	2.8842	2.87	2.8947	2.87	2924.4739419999996
1490954340000	2.8606	2.8362	2.8682	2.83	4618.708855000001
1490954400000	2.8361	2.8568	2.8649	2.8361	976.9505630000001
1490954460000	2.8417	2.837	2.8417	2.837	1341.228016
1490954580000	2.8425	2.8356	2.8425	2.8355	372.930787
1490954640000	2.8285	2.8587	2.8587	2.8285	3673.1797344700008
1490954700000	2.8192	2.8197	2.8197	2.8192	1189.2054039999996
1490954760000	2.8197	2.8106	2.82	2.8106	1243.1844554599998
1490954820000	2.8111	2.818	2.828	2.8111	147.2766
1490954940000	2.8153	2.8153	2.8153	2.8153	30.0
1490955120000	2.8227	2.83	2.83	2.8227	9803.973419
1490955180000	2.83	2.83	2.83	2.83	172.13865456
1490955240000	2.825	2.825	2.825	2.825	100.0
1490955300000	2.8258	2.8258	2.8258	2.8258	10.0
1490955360000	2.8251	2.8251	2.8251	2.8251	4.369191
1490955480000	2.825	2.825	2.825	2.825	8.722651
1490955540000	2.825	2.825	2.825	2.825	627.315849
1490955660000	2.8166	2.8237	2.8237	2.8166	3.65748065
1490955720000	2.82	2.82	2.82	2.82	0.11691637
1490955780000	2.82	2.82	2.82	2.82	0.1
1490955960000	2.8147	2.8146	2.8151	2.8146	3117.20206289
1490956020000	2.8156	2.82	2.82	2.8106	1561.34008363
1490956260000	2.8111	2.8151	2.8151	2.8001	7455.516570900001
1490956500000	2.8088	2.8094	2.8094	2.8088	1000.0
1490956860000	2.8104	2.8104	2.8104	2.8104	800.0000000000001
1490956920000	2.8178	2.8178	2.8178	2.8178	0.53248202
1490956980000	2.8003	2.7859	2.8003	2.7858	5559.94032399
1490957100000	2.7864	2.7842	2.7864	2.7842	73.09819315
1490957160000	2.781	2.781	2.781	2.781	50.1
1490957220000	2.7805	2.7786	2.7805	2.7779	163.11964500000002
1490957280000	2.7768	2.7658	2.7768	2.7658	1108.17155774
1490957340000	2.7658	2.7658	2.7658	2.7658	63.696186
1490957400000	2.7738	2.776	2.776	2.7738	2107.07836
1490957640000	2.776	2.776	2.776	2.776	136.209599
1490957820000	2.7775	2.776	2.7775	2.776	1045.9
1490958060000	2.7983	2.803	2.803	2.7982	1998.04301277
1490958240000	2.7878	2.8	2.8	2.7878	199.065759
1490958300000	2.7882	2.7981	2.7981	2.7882	740.0893074599999
1490958420000	2.7899	2.79	2.79	2.7899	249.0
1490958480000	2.79	2.7858	2.79	2.7858	94.69051335
1490958780000	2.8037	2.7984	2.811	2.7984	852.58852
1490958840000	2.7989	2.7989	2.7989	2.7989	100.0
1490958900000	2.8144	2.8144	2.8144	2.8144	0.1
1490959080000	2.8224	2.8224	2.8224	2.8224	75.1344
1490959140000	2.8215	2.8391	2.8391	2.8215	2713.4382519999995
1490959200000	2.8413	2.8424	2.8424	2.8413	228.99969099999998
1490959260000	2.8407	2.8497	2.8499	2.8359	2131.21747249
1490959320000	2.8497	2.86	2.86	2.8493	3832.10091882
1490959380000	2.8598	2.8546	2.8616	2.8546	196.45107912
1490959440000	2.8546	2.864	2.864	2.8546	1537.0728161
1490959500000	2.857	2.8689	2.8689	2.85	1301.8798631199998
1490959560000	2.8691	2.8694	2.8695	2.8691	200.0
1490959620000	2.8678	2.8688	2.8768	2.8532	5883.544460270001
1490959680000	2.8768	2.8768	2.8768	2.8768	131.739837
1490959740000	2.8768	2.8768	2.8768	2.8768	510.55013246
1490959800000	2.8768	2.8768	2.8768	2.8768	20.0
1490959860000	2.876	2.87	2.876	2.858	1999.21756
1490959920000	2.87	2.877	2.877	2.87	2084.92829
1490959980000	2.877	2.8767	2.877	2.8201	14616.482268120006
1490960040000	2.877	2.8779	2.8779	2.86	6506.766390999999
1490960100000	2.8761	2.879	2.8793	2.8759	335.16042530000004
1490960160000	2.8785	2.8779	2.8785	2.8779	32.0
1490960220000	2.8763	2.8763	2.8763	2.8763	30.0
1490960280000	2.8787	2.8785	2.879	2.8785	60.0
1490960340000	2.8735	2.86	2.875	2.86	1361.72948177
1490960400000	2.86	2.86	2.86	2.86	103.690548
1490960460000	2.86	2.865	2.8677	2.86	2164.0310790000003
1490960520000	2.86	2.859	2.8625	2.859	5822.318
1490960580000	2.86	2.859	2.8624	2.859	690.306474
1490960640000	2.856	2.856	2.856	2.856	723.761
1490960700000	2.85	2.85	2.855	2.85	309.616
1490960760000	2.85	2.8451	2.85	2.8451	253.39353699999998
1490960880000	2.8519	2.8519	2.8519	2.8519	0.1
1490961060000	2.8559	2.8461	2.862	2.8461	2673.266256
1490961120000	2.8625	2.8625	2.8625	2.8625	0.1
1490961180000	2.8501	2.861	2.861	2.8501	1128.9577
1490961240000	2.8616	2.8616	2.8616	2.8616	1.586256
1490961420000	2.8491	2.8491	2.8491	2.8491	53.334857
1490961600000	2.8526	2.8533	2.8533	2.8526	238.441889
1490961660000	2.8591	2.861	2.861	2.8585	284.65811256999996
1490961720000	2.8602	2.8625	2.8625	2.8602	2899.76102593
1490961780000	2.8625	2.8625	2.8625	2.8625	0.1
1490961900000	2.8625	2.8635	2.8635	2.8625	746.2660000000001
1490961960000	2.8762	2.8762	2.8766	2.8762	209.07840000000002
1490962020000	2.8762	2.8762	2.877	2.8762	653.08360926
1490962080000	2.877	2.877	2.877	2.877	521.86773
1490962140000	2.877	2.877	2.877	2.87	2026.096833
1490962200000	2.877	2.8875	2.8875	2.877	1847.8736
1490962260000	2.8876	2.8908	2.9	2.8875	7807.268369789999
1490962320000	2.8905	2.8905	2.8905	2.8905	81.4293
1490962500000	2.885	2.8805	2.885	2.8805	326.11825563
1490962620000	2.88	2.8892	2.8892	2.88	3468.3219147300006
1490962680000	2.8843	2.8849	2.8849	2.8843	400.0
1490962860000	2.8828	2.8856	2.8856	2.8828	4.33334
1490962920000	2.8832	2.8832	2.8832	2.8832	9.306402
1490962980000	2.8927	2.893	2.8969	2.8927	87.47850728
1490963040000	2.893	2.893	2.893	2.893	5.5096680000000005
1490963100000	2.893	2.8974	2.8974	2.893	1150.5551559199998
1490963160000	2.8975	2.8974	2.8979	2.8974	753.9590460000001
1490963220000	2.8974	2.8974	2.8974	2.8974	36.235
1490963340000	2.899	2.8975	2.899	2.8975	822.267611
1490963400000	2.8855	2.8855	2.8855	2.8855	445.520283
1490963460000	2.885	2.8847	2.8949	2.8847	1777.442713
1490963520000	2.8894	2.8894	2.8894	2.8894	70.620833
1490963580000	2.8973	2.8801	2.8973	2.8801	1506.504242
1490963640000	2.8802	2.8863	2.8895	2.8801	759.77883
1490963760000	2.8874	2.8874	2.8874	2.8874	100.0
1490963820000	2.8737	2.8844	2.8844	2.8737	611.123402
1490963880000	2.875	2.875	2.875	2.875	499.56180471999994
1490963940000	2.884	2.884	2.884	2.884	10.0
1490964000000	2.8801	2.8745	2.8801	2.8745	23.000999999999998
1490964060000	2.875	2.8877	2.8877	2.875	147.22574785999998
1490964180000	2.8815	2.88	2.8815	2.88	41.18831602
1490964240000	2.8794	2.869	2.8798	2.869	2954.98107348
1490964300000	2.862	2.8613	2.862	2.8613	3116.900408
1490964360000	2.8613	2.8501	2.8613	2.8501	4567.129462329999
1490964420000	2.8501	2.8251	2.8501	2.8251	4186.75634001
1490964480000	2.8251	2.8251	2.8251	2.8251	2576.9114
1490964540000	2.8251	2.822	2.8251	2.822	495.24882400000007
1490964600000	2.822	2.822	2.822	2.822	152.27389732999998
1490964660000	2.822	2.822	2.822	2.822	380.0
1490964900000	2.8305	2.8325	2.8325	2.8305	3.86691867
1490964960000	2.8354	2.8377	2.8491	2.8354	1551.17169515
1490965020000	2.8601	2.8542	2.8617	2.8542	674.33998344
1490965080000	2.8666	2.8666	2.8666	2.8666	31.956099
1490965140000	2.8491	2.8491	2.8491	2.8491	29.0
1490965200000	2.874	2.8555	2.8741	2.8555	1691.87071527
1490965260000	2.8797	2.8797	2.8797	2.8797	2.926512
1490965320000	2.8769	2.8769	2.8769	2.8769	31.185697
1490965380000	2.8848	2.8849	2.8849	2.8835	203.93320359999998
1490965440000	2.8759	2.8846	2.885	2.8759	414.141939
1490965500000	2.885	2.8885	2.8885	2.885	262.8511148
1490965560000	2.8861	2.8999	2.8999	2.8861	4011.55151371
1490965620000	2.8969	2.8999	2.8999	2.8967	2791.5037300000004
1490965680000	2.8998	2.9	2.9	2.8991	3527.62993845
1490965740000	2.9	2.8993	2.9	2.8993	1856.282087
1490965800000	2.8944	2.9	2.9	2.8833	1204.662092
1490965860000	2.9	2.8947	2.9	2.8875	2783.04137
1490965920000	2.8947	2.9034	2.9034	2.8947	459.19216014000006
1490965980000	2.9023	2.9064	2.92	2.9001	2217.7354414700003
1490966040000	2.9193	2.9121	2.92	2.9059	723.6500000000001
1490966100000	2.913	2.9263	2.9263	2.913	601.49385148
1490966160000	2.9175	2.925	2.9314	2.9175	375.663432
1490966220000	2.9314	2.9499	2.9499	2.9284	3519.7630390000004
1490966280000	2.9412	2.9554	2.9711	2.9412	5414.15297307
1490966340000	2.957	2.9655	2.9711	2.957	1852.4539158200002
1490966400000	2.9705	2.9655	2.9711	2.9655	597.23559786
1490966460000	2.965	2.9511	2.9676	2.9511	938.75842717
1490966520000	2.945	2.934	2.9506	2.9308	2032.8661108899998
1490966580000	2.9301	2.9405	2.9405	2.9301	140.0
1490966640000	2.9545	2.9406	2.9551	2.9405	1253.089246
1490966700000	2.9412	2.951	2.9633	2.9412	957.5192219999999
1490966760000	2.951	2.9442	2.9628	2.9436	80.48004363999999
1490966820000	2.9449	2.946	2.9462	2.9449	505.111136
1490966880000	2.946	2.9315	2.946	2.9314	899.888864
1490966940000	2.9577	2.9268	2.9577	2.9268	582.0589697400001
1490967000000	2.93	2.9209	2.9426	2.9002	3118.4383046699995
1490967060000	2.907	2.9074	2.919	2.907	146.58383700000002
1490967120000	2.9084	2.9062	2.9084	2.905	140.0
1490967180000	2.9164	2.9068	2.9164	2.9056	656.046175
1490967240000	2.9063	2.9068	2.9129	2.9063	1566.0550542499998
1490967300000	2.9068	2.9068	2.9068	2.9068	100.0
1490967360000	2.9068	2.9068	2.9068	2.9068	80.0
1490967420000	2.9068	2.9068	2.9068	2.9068	399.892599
1490967480000	2.9069	2.9068	2.9069	2.9068	642.440431
1490967540000	2.9068	2.9091	2.9091	2.9068	704.984977
1490967600000	2.9068	2.9068	2.912	2.9068	464.941855
1490967660000	2.9068	2.9068	2.9068	2.9068	684.178431
1490967720000	2.9068	2.9085	2.9085	2.9068	546.5201999999999
1490967780000	2.9068	2.9068	2.9068	2.9068	179.3078
1490967840000	2.9126	2.9073	2.9126	2.9068	226.66070000000002
1490967900000	2.91	2.9068	2.91	2.9068	1364.044445
1490967960000	2.9068	2.907	2.91	2.9068	126.6449
1490968020000	2.9071	2.9145	2.93	2.9071	1629.5830381
1490968080000	2.9182	2.9536	2.9536	2.9182	828.20195959
1490968140000	2.9273	2.9408	2.9711	2.9273	607.91727655
1490968200000	2.9692	2.9711	2.9711	2.9474	474.300913
1490968260000	2.9711	2.9554	2.9711	2.9524	2067.747665
1490968320000	2.971	2.9621	2.9769	2.9563	1753.168187
1490968380000	2.9594	2.977	2.977	2.9594	1976.396071
1490968440000	2.9769	2.9625	2.977	2.9624	230.789343
1490968500000	2.9625	2.9596	2.9863	2.959	2287.047036
1490968560000	2.9614	2.9827	2.9827	2.9614	65.17933299999999
1490968620000	2.9827	2.964	2.99	2.9637	5134.820667
1490968680000	2.98	2.969	2.98	2.9655	1422.483959
1490968740000	2.9701	2.9797	2.9797	2.9701	33.42
1490968860000	2.978	2.9799	2.98	2.978	2900.585241
1490968920000	2.98	2.9704	2.98	2.9704	1039.78957
1490968980000	2.98	2.9798	2.98	2.9798	899.1904239999999
1490969040000	2.9798	2.9897	2.9898	2.9798	2306.917228
1490969100000	2.9897	2.9897	2.994	2.9703	1373.4334849999996
1490969160000	2.9703	2.965	2.9704	2.9405	4456.902569909999
1490969340000	2.9799	2.9884	2.989	2.97	731.927923
1490969400000	2.9884	2.97	2.9886	2.97	1860.692731
1490969460000	2.9622	2.97	2.97	2.9622	496.01309254999995
1490969580000	2.951	2.9666	2.9666	2.951	1494.9192229999999
1490969700000	2.96	2.96	2.96	2.9565	520.05745
1490969760000	2.9688	2.9688	2.9688	2.9688	6.34
1490969820000	2.9688	2.9526	2.9688	2.9526	533.23533015
1490969880000	2.9505	2.9501	2.9505	2.9501	505.3
1490969940000	2.95	2.95	2.95	2.95	192.248472
1490970000000	2.95	2.9432	2.95	2.9431	737.54597713
1490970060000	2.9427	2.93	2.9427	2.9217	2112.5364449999997
1490970120000	2.9377	2.9337	2.9377	2.9337	134.423808
1490970180000	2.9221	2.9082	2.9331	2.8504	32753.91472189
1490970240000	2.9112	2.9001	2.9112	2.9	1000.0
1490970360000	2.9051	2.9053	2.9053	2.905	646.65491644
1490970420000	2.9022	2.8947	2.9022	2.8501	14811.04748703
1490970480000	2.9108	2.8979	2.912	2.8979	804.0512066
1490970540000	2.9154	2.9154	2.9154	2.9154	99.8022
1490970600000	2.9171	2.92	2.92	2.9154	1359.523812
1490970660000	2.92	2.92	2.92	2.9124	224.037207
1490970780000	2.92	2.92	2.92	2.92	138.57813
1490970840000	2.92	2.92	2.92	2.92	1.19202103
1490970900000	2.92	2.914	2.92	2.914	1528.24465254
1490970960000	2.92	2.914	2.92	2.914	1005.3633102399999
1490971020000	2.913	2.8924	2.913	2.891	6867.178878709999
1490971080000	2.8929	2.9018	2.9018	2.8845	769.342
1490971140000	2.9	2.8949	2.9	2.8949	27.77452969
1490971200000	2.8811	2.8964	2.8965	2.8604	4598.092483
1490971260000	2.8859	2.86	2.8867	2.86	2029.0777451600002
1490971320000	2.8791	2.8822	2.8822	2.8785	59.96014327
1490971380000	2.8634	2.823	2.8634	2.8225	1841.5232843799997
1490971440000	2.8331	2.8215	2.8331	2.8002	3777.7606325799998
1490971500000	2.804	2.804	2.8053	2.804	451.60343536000005
1490971560000	2.804	2.804	2.804	2.804	13.449826680000001
1490971620000	2.8215	2.8066	2.8342	2.806	2573.5196069999997
1490971680000	2.8302	2.8314	2.8314	2.8099	5044.0826373
1490971740000	2.8249	2.8249	2.8249	2.8249	110.0
1490971800000	2.8099	2.804	2.8099	2.804	3595.1914796600004
1490971860000	2.804	2.7839	2.804	2.7839	18917.8512142
1490971920000	2.7839	2.7839	2.7839	2.7839	1525.864626
1490971980000	2.7839	2.7839	2.7839	2.7839	26.898
1490972040000	2.7839	2.7839	2.7839	2.7839	82.97
1490972100000	2.789	2.7839	2.789	2.7839	1097.016
1490972160000	2.7839	2.7662	2.7839	2.7652	2967.5084999999995
1490972220000	2.77	2.77	2.7799	2.77	1296.0822
1490972280000	2.77	2.77	2.77	2.77	153.592446
1490972340000	2.7696	2.7542	2.7696	2.7542	1678.1731735600001
1490972400000	2.7571	2.7535	2.7749	2.7535	33.34006149
1490972460000	2.7535	2.7535	2.7535	2.7535	854.2510000000001
1490972520000	2.7535	2.7501	2.7535	2.7501	7333.526701999999
1490972580000	2.7501	2.7353	2.7501	2.7353	4152.32229797
1490972640000	2.7485	2.7258	2.7485	2.7221	2933.3532663
1490972700000	2.7259	2.7259	2.7259	2.7259	10.1
1490972760000	2.722	2.722	2.722	2.722	1808.30032351
1490972820000	2.7253	2.722	2.7253	2.722	2027.5680056600002
1490972880000	2.722	2.722	2.7221	2.722	504.15167750999996
1490972940000	2.722	2.7103	2.722	2.7103	1627.3652673200002
1490973000000	2.71	2.7002	2.71	2.7001	552.03975004
1490973060000	2.7001	2.7001	2.7001	2.7001	1263.9302000000002
1490973120000	2.7003	2.7	2.7005	2.7	6758.125083870002
1490973180000	2.7	2.6849	2.7	2.6848	5669.652467850004
1490973240000	2.6871	2.6849	2.6872	2.6849	500.30000000000007
1490973300000	2.685	2.6815	2.685	2.6815	103.54457044
1490973480000	2.6817	2.6821	2.6821	2.6817	378.8446
1490973540000	2.682	2.682	2.682	2.6818	302.64028616
1490973600000	2.6819	2.6939	2.694	2.6819	3444.920502
1490973660000	2.695	2.6939	2.695	2.6939	200.0
1490973720000	2.6999	2.71	2.71	2.6999	1387.1862670799999
1490973780000	2.7158	2.7232	2.7232	2.7158	973.97014681
1490973840000	2.734	2.7497	2.7498	2.734	3324.43108282
1490973900000	2.7498	2.7499	2.7499	2.7498	1545.24517589
1490973960000	2.7499	2.7499	2.7499	2.7499	1673.313
1490974020000	2.7499	2.7749	2.7749	2.7494	1939.6764469999998
1490974080000	2.77	2.77	2.77	2.77	28.19957062
1490974140000	2.7687	2.772	2.772	2.7687	1216.0854233
1490974200000	2.772	2.7908	2.7908	2.772	385.98288169999995
1490974260000	2.7722	2.79	2.79	2.7722	16.729101999999997
1490974320000	2.7827	2.7897	2.7939	2.75	14417.505006540003
1490974560000	2.7269	2.72	2.7285	2.72	5453.60386879
1490974740000	2.727	2.7218	2.7279	2.7089	559.84507763
1490974800000	2.7088	2.7001	2.7088	2.7001	390.004
1490974860000	2.7001	2.7001	2.7001	2.7001	1656.32130456
1490974920000	2.7001	2.6885	2.7001	2.6885	5427.63408582
1490974980000	2.6885	2.6904	2.6904	2.6663	3917.1760183
1490975040000	2.6665	2.66	2.6859	2.657	2059.78369481
1490975100000	2.665	2.6617	2.665	2.657	1264.853654
1490975160000	2.657	2.6501	2.657	2.6501	4670.491496379999
1490975220000	2.6501	2.65	2.6504	2.65	4684.6074282
1490975280000	2.65	2.65	2.6511	2.65	1823.38796275
1490975340000	2.65	2.6107	2.65	2.6102	3408.07258854
1490975400000	2.6121	2.6121	2.6121	2.6121	182.36257252
1490975460000	2.6124	2.628	2.628	2.6	19173.832431209998
1490975520000	2.6235	2.6054	2.6235	2.605	1040.498766
1490975580000	2.6053	2.605	2.6053	2.605	1253.3371009999998
1490975640000	2.605	2.6	2.6147	2.6	5790.005683059999
1490975700000	2.6	2.6	2.6001	2.6	14712.456364380005
1490975760000	2.6	2.6	2.613	2.6	2314.8621981399997
1490975820000	2.6	2.6	2.601	2.6	1092.9531449800002
1490975880000	2.6002	2.6	2.6002	2.6	934.3404535000001
1490975940000	2.6001	2.6	2.6001	2.6	4680.8812607
1490976000000	2.6101	2.6	2.6354	2.6	306.55095549
1490976060000	2.6282	2.6	2.6284	2.6	244.55664438999997
1490976120000	2.6	2.601	2.622	2.6	3834.57950234
1490976180000	2.601	2.6	2.622	2.6	1885.44721202
1490976360000	2.6011	2.6328	2.6328	2.6	260.908
1490976420000	2.6309	2.6295	2.6309	2.604	267.58189151
1490976540000	2.6441	2.6498	2.6499	2.6441	2272.246329
1490976600000	2.6499	2.65	2.65	2.6499	3714.3565919000002
1490976720000	2.6669	2.6808	2.6826	2.6669	1231.82238652
1490976780000	2.683	2.683	2.683	2.683	22.5340362
1490976840000	2.6769	2.6997	2.6999	2.6493	485.92456954
1490976900000	2.6997	2.6991	2.6999	2.6991	2663.669919
1490976960000	2.6999	2.7	2.7	2.6999	9550.74928868
1490977020000	2.708	2.7332	2.7332	2.708	753.80096544
1490977080000	2.7006	2.7216	2.7312	2.7006	2318.2432845600006
1490977140000	2.72	2.7444	2.7494	2.72	4080.2551040000003
1490977320000	2.7397	2.7217	2.7397	2.7217	201.646092
1490977380000	2.72	2.73	2.7499	2.72	3044.0098409999996
1490977440000	2.7499	2.7499	2.7499	2.749	105.638152
1490977500000	2.7499	2.7499	2.7499	2.7499	3364.13054383
1490977560000	2.7499	2.7437	2.7499	2.7437	183.5775
1490977620000	2.7498	2.7499	2.7499	2.7447	799.4731039999999
1490977680000	2.746	2.7353	2.7474	2.7353	8644.36513887
1490977740000	2.7353	2.7147	2.7353	2.7147	111.145245
1490977800000	2.7147	2.7054	2.7147	2.7051	4094.7500000000005
1490977860000	2.7053	2.6898	2.7053	2.6898	6.58371656
1490977920000	2.6926	2.6926	2.6926	2.6926	40.0
1490977980000	2.7	2.7	2.7	2.7	151.82370776
1490978100000	2.717	2.717	2.717	2.717	7.789728
1490978160000	2.7004	2.7163	2.7163	2.7004	374.73403400000007
1490978220000	2.7193	2.7193	2.7193	2.7193	196.4693
1490978340000	2.717	2.717	2.717	2.717	5.0
1490978400000	2.7004	2.7074	2.7074	2.7004	77.2898
1490978460000	2.7004	2.7004	2.7004	2.7004	786.2821
1490978520000	2.7004	2.7004	2.7004	2.7004	1071.4245
1490978580000	2.6926	2.6926	2.6926	2.6926	97.08096900000001
1490978640000	2.6926	2.6926	2.6926	2.6926	125.614012
1490978700000	2.6926	2.68	2.6926	2.68	2241.3052892699993
1490978940000	2.6909	2.6909	2.6909	2.6909	1000.0
1490979360000	2.7011	2.7011	2.7011	2.7011	6.25
1490979420000	2.6852	2.685	2.6852	2.685	602.398102
1490979540000	2.6853	2.6684	2.686	2.6501	15001.0
1490979600000	2.676	2.6999	2.7001	2.676	1955.2272
1490979660000	2.6868	2.6864	2.6999	2.6864	1006.6586289
1490979780000	2.681	2.7013	2.7013	2.681	870.157451
1490980020000	2.7133	2.7158	2.7158	2.7133	332.796558
1490980080000	2.7158	2.7217	2.7217	2.6934	1509.59051464
1490980320000	2.7013	2.7013	2.7013	2.7013	10.0
1490980620000	2.7245	2.7245	2.7245	2.7245	6.0
1490980680000	2.726	2.726	2.726	2.726	277.84800856
1490980740000	2.7246	2.7246	2.7246	2.7246	3.450501
1490980980000	2.7289	2.7246	2.7289	2.7246	398.30936263999996
1490981040000	2.7246	2.737	2.737	2.7246	1031.25996596
1490981100000	2.7415	2.737	2.7498	2.737	259.85838904
1490981160000	2.7417	2.737	2.7417	2.737	30.0
1490981220000	2.7449	2.737	2.7469	2.737	111.91902914999999
1490981340000	2.7311	2.7311	2.7311	2.7311	0.15645343
1490981400000	2.7414	2.7458	2.7458	2.7414	320.645272
1490981460000	2.7422	2.7494	2.7494	2.7422	749.836277
1490981640000	2.7408	2.7365	2.7451	2.7364	200.29999999999998
1490981700000	2.7178	2.7424	2.7424	2.7178	168.78273499999997
1490981760000	2.7411	2.7498	2.7499	2.7411	981.456838
1490981820000	2.7499	2.7499	2.7499	2.7499	69.41155813
1490981880000	2.7566	2.7619	2.7619	2.7566	95.38425422
1490981940000	2.762	2.7678	2.7679	2.7619	1813.0627944900002
1490982000000	2.7678	2.77	2.77	2.7678	1173.13372496
1490982060000	2.7717	2.7785	2.78	2.7637	2856.481508
1490982120000	2.7799	2.7607	2.78	2.7607	1666.521695
1490982180000	2.778	2.778	2.778	2.778	111.58893264
1490982240000	2.778	2.778	2.7782	2.778	145.00509017
1490982300000	2.778	2.778	2.778	2.778	235.05784312999998
1490982360000	2.778	2.778	2.778	2.778	28.9866
1490982480000	2.78	2.78	2.78	2.78	611.982
1490982540000	2.7781	2.7877	2.7877	2.778	3125.9051709999994
1490982660000	2.785	2.7883	2.7883	2.785	300.476915
1490982720000	2.787	2.787	2.787	2.787	3.86
1490982840000	2.778	2.778	2.7841	2.778	150.780124
1490982900000	2.775	2.775	2.775	2.775	75.6558999
1490982960000	2.775	2.775	2.775	2.775	15.0
1490983020000	2.775	2.7883	2.7883	2.775	907.37107941
1490983080000	2.7876	2.7876	2.7876	2.7876	10.0
1490983380000	2.7883	2.7883	2.7883	2.7883	924.972433
1490983440000	2.7883	2.7883	2.7883	2.7883	1377.641
1490983500000	2.7883	2.785	2.7883	2.785	186.244012
1490983560000	2.7878	2.7878	2.7878	2.7878	160.0
1490983680000	2.7883	2.7883	2.7883	2.7883	60.94494592
1490983740000	2.7708	2.7708	2.7708	2.7708	18.5656
1490983800000	2.78	2.7728	2.78	2.772	2326.34063956
1490983860000	2.7728	2.78	2.78	2.7728	9.710108
1490983920000	2.78	2.78	2.78	2.78	3.0
1490983980000	2.7789	2.784	2.784	2.7789	54.771965
1490984040000	2.7819	2.79	2.79	2.7819	1480.005625
1490984100000	2.79	2.7897	2.79	2.7895	665.5595999999999
1490984160000	2.79	2.7761	2.79	2.7761	170.13035
1490984280000	2.7968	2.7999	2.7999	2.7967	355.759011
1490984340000	2.7999	2.7999	2.7999	2.7999	11.2479
1490984400000	2.7999	2.8153	2.8153	2.7999	12160.675889000002
1490984460000	2.8134	2.7994	2.8134	2.7994	103.491611
1490984520000	2.8	2.8132	2.8154	2.8	520.0445839600001
1490984580000	2.8003	2.8154	2.8155	2.8003	616.88218936
1490984640000	2.8155	2.8343	2.8377	2.8152	273.35535938
1490984700000	2.83	2.8349	2.8349	2.8208	65.64793999999998
1490984760000	2.8377	2.8208	2.8378	2.8208	761.466
1490984820000	2.8208	2.8208	2.8208	2.8208	943.154681
1490984940000	2.8298	2.8298	2.8298	2.8298	1.0
1490985000000	2.8299	2.83	2.83	2.8299	1843.9218030000002
1490985060000	2.8299	2.8349	2.8402	2.8299	911.598197
1490985120000	2.8442	2.8444	2.8444	2.8277	71.36525943999999
1490985240000	2.8209	2.8208	2.8209	2.8208	132.846027
1490985300000	2.8325	2.8166	2.8325	2.8166	905.3872090000001
1490985360000	2.8159	2.8086	2.8165	2.8041	4345.7155906200005
1490985420000	2.824	2.824	2.824	2.824	500.0
1490985480000	2.8232	2.8233	2.8233	2.8232	406.40195451
1490985540000	2.8216	2.8231	2.8232	2.8216	630.6683
1490985600000	2.8225	2.8228	2.8245	2.8219	83.92329300000002
1490985660000	2.8233	2.8212	2.8234	2.8212	426.2236
1490985720000	2.8218	2.8218	2.8218	2.8218	29.775524
1490985780000	2.8164	2.8195	2.8195	2.8164	450.616327
1490985840000	2.8223	2.825	2.825	2.8223	295.931079
1490985960000	2.818	2.818	2.818	2.818	10.0
1490986020000	2.8242	2.8218	2.8242	2.8194	293.26940923
1490986080000	2.8264	2.8263	2.8264	2.8263	308.0686
1490986260000	2.816	2.815	2.816	2.815	314.98244
1490986320000	2.8079	2.8079	2.8079	2.8013	440.16574834
1490986380000	2.8013	2.8	2.8013	2.8	177.23837937999997
1490986440000	2.8	2.8	2.801	2.8	48.83009957
1490986500000	2.8	2.8	2.8	2.8	0.1
1490986620000	2.7995	2.7995	2.7995	2.7995	0.1
1490986680000	2.7994	2.7994	2.7994	2.7994	2040.43970501
1490986740000	2.7994	2.7843	2.7994	2.7826	1343.52964832
1490986800000	2.7853	2.7835	2.7853	2.7835	500.00989400000003
1490986860000	2.7841	2.7841	2.7841	2.7841	83.0
1490986920000	2.7852	2.7762	2.7852	2.7759	165.607281
1490987040000	2.781	2.781	2.781	2.781	0.1
1490987100000	2.7804	2.7804	2.7804	2.7804	0.1
1490987160000	2.7804	2.78	2.7804	2.777	153.42990043
1490987280000	2.7829	2.7913	2.7913	2.7829	572.040672
1490987400000	2.7835	2.7847	2.7847	2.7835	1063.778918
1490987460000	2.7847	2.7847	2.7847	2.7847	15.361045
1490987520000	2.789	2.8	2.8	2.7847	1774.26566
1490987700000	2.79	2.791	2.791	2.79	45.751347
1490987760000	2.791	2.793	2.793	2.791	252.248653
1490987820000	2.793	2.8	2.8	2.793	214.92947900000001
1490987880000	2.8003	2.8	2.8003	2.8	35.400521
1490987940000	2.7942	2.7942	2.7942	2.7942	1.0
1490988000000	2.7942	2.7937	2.7942	2.7937	178.0
1490988060000	2.794	2.794	2.794	2.794	329.97270199999997
1490988120000	2.7918	2.792	2.792	2.7918	225.983968
1490988180000	2.792	2.792	2.792	2.7904	315.88510871
1490988240000	2.7815	2.7815	2.7815	2.7815	55.1
1490988300000	2.7882	2.775	2.7882	2.775	298.863
1490988360000	2.775	2.766	2.775	2.766	623.48251
1490988480000	2.7689	2.7689	2.7689	2.7689	0.1
1490988540000	2.76	2.7589	2.7652	2.7589	157.34721539
1490988660000	2.7566	2.7566	2.7566	2.7566	1773.291374
1490988720000	2.7566	2.7538	2.7566	2.7538	3576.8107287799994
1490988780000	2.7501	2.75	2.7538	2.75	4281.421561
1490988960000	2.747	2.7475	2.7475	2.747	304.820529
1490989080000	2.747	2.747	2.747	2.747	2.568865
1490989140000	2.7409	2.7409	2.7409	2.7409	4.0
1490989200000	2.7474	2.7474	2.7474	2.7409	2.669188
1490989260000	2.7767	2.7616	2.7767	2.7616	0.2
1490989380000	2.7754	2.7754	2.7754	2.7754	0.1
1490989440000	2.7596	2.7596	2.7596	2.7596	0.1
1490989560000	2.76	2.76	2.769	2.76	0.8300000000000001
1490989680000	2.7588	2.7698	2.7699	2.7588	1074.5171898199999
1490989860000	2.7469	2.7469	2.7469	2.7469	1.0005
1490989920000	2.75	2.7375	2.75	2.7375	1145.9123937899992
1490989980000	2.7581	2.7581	2.7581	2.7581	0.1
1490990040000	2.7526	2.7353	2.7526	2.7353	1388.6670040000001
1490990100000	2.7453	2.7353	2.7453	2.7353	1367.071996
1490990280000	2.7346	2.7346	2.7346	2.7346	97.2332488
1490990760000	2.7239	2.7303	2.7367	2.7239	409.57161299999996
1490990940000	2.7347	2.7347	2.7347	2.7347	1.150931
1490991000000	2.7239	2.7239	2.7239	2.7239	1.052341
1490991060000	2.7334	2.7334	2.7334	2.7334	100.0
1490991120000	2.729	2.725	2.7317	2.725	299.583132
1490991180000	2.7252	2.725	2.7252	2.725	205.668308
1490991240000	2.723	2.723	2.723	2.723	0.2
1490991420000	2.723	2.725	2.725	2.723	150.0
1490991480000	2.714	2.714	2.714	2.714	2.107139
1490991600000	2.7139	2.7139	2.7139	2.7139	58.07286
1490991660000	2.715	2.7139	2.715	2.7139	1690.32630086
1490991720000	2.7139	2.7139	2.7139	2.7139	119.92662
1490991780000	2.7139	2.715	2.715	2.7139	628.91806055
1490991840000	2.7139	2.7139	2.7139	2.7139	213.231917
1490991900000	2.7139	2.7125	2.7139	2.71	1005.483254
1490991960000	2.71	2.71	2.71	2.71	1.258093
1490992080000	2.7202	2.7202	2.7202	2.7202	1.338422
1490992140000	2.7195	2.7195	2.7195	2.7195	1.0
1490992440000	2.723	2.7253	2.7253	2.723	2313.01505242
1490992500000	2.726	2.726	2.7264	2.726	3120.0118730000004
1490992560000	2.726	2.726	2.726	2.726	91.2100062
1490992620000	2.7291	2.729	2.7291	2.729	2.6781
1490992860000	2.715	2.7185	2.7186	2.715	2.37325682
1490993040000	2.721	2.721	2.721	2.721	52.309673
1490993100000	2.721	2.721	2.721	2.721	47.690327
1490993160000	2.7225	2.7206	2.7225	2.7151	376.47274197999997
1490993400000	2.7151	2.7151	2.7151	2.7151	3.7904718
1490993580000	2.7189	2.7151	2.7193	2.7151	536.64747
1490993640000	2.7151	2.7201	2.7201	2.7151	120.468927
1490993760000	2.7199	2.7197	2.7199	2.7197	264.46121062000003
1490993820000	2.7176	2.7151	2.7176	2.7151	41.952591999999996
1490993880000	2.719	2.719	2.719	2.719	104.79119270000001
1490993940000	2.719	2.72	2.72	2.719	478.629564
1490994000000	2.72	2.719	2.72	2.719	423.76940866999996
1490994060000	2.72	2.72	2.72	2.72	3.274
1490994120000	2.7284	2.7444	2.7444	2.7284	793.272546
1490994180000	2.7448	2.7448	2.7448	2.7448	80.0
1490994300000	2.725	2.725	2.725	2.725	589.42993678
1490994360000	2.725	2.725	2.726	2.725	207.46538936
1490994420000	2.725	2.725	2.725	2.725	60.06156273
1490994600000	2.7193	2.7244	2.725	2.7192	317.39898282000007
1490994720000	2.7238	2.7239	2.7239	2.7238	368.46061399999996
1490994840000	2.7239	2.7239	2.7239	2.7239	2171.73594364
1490994960000	2.7239	2.7239	2.7239	2.7239	1022.652571
1490995020000	2.7239	2.7239	2.7239	2.7239	71.61
1490995080000	2.7239	2.7405	2.7405	2.7239	0.2
1490995380000	2.7412	2.724	2.7412	2.724	169.5814
1490995800000	2.7125	2.7125	2.7125	2.7125	375.0
1490995860000	2.7125	2.7125	2.7125	2.7125	148.99007109
1490996040000	2.716	2.716	2.716	2.716	20.0
1490996220000	2.7225	2.7225	2.7225	2.7225	0.1
1490996280000	2.7245	2.7245	2.7245	2.7245	4.542053
1490996400000	2.7245	2.73	2.73	2.7245	974.796
1490996460000	2.729	2.7377	2.7377	2.729	89.485851
1490996520000	2.7342	2.7342	2.7342	2.7342	1000.0
1490996640000	2.7324	2.7324	2.7324	2.7324	5.0
1490996700000	2.7342	2.7342	2.7342	2.7342	150.63214
1490996820000	2.7202	2.7346	2.7346	2.72	756.585859
1490996940000	2.74	2.74	2.74	2.74	74.806535
1490997240000	2.739	2.739	2.739	2.739	25.551558
1490997300000	2.739	2.739	2.739	2.739	18.997999999999998
1490997480000	2.74	2.74	2.74	2.74	75.193465
1490997540000	2.7511	2.7511	2.7511	2.7511	0.1
1490997600000	2.7399	2.7567	2.7567	2.7391	8.647908999999999
1490997660000	2.7541	2.7541	2.7541	2.7541	2.7392
1490997720000	2.7532	2.75	2.7532	2.75	6.48283636
1490998020000	2.75	2.7594	2.7594	2.75	1034.783
1490998080000	2.754	2.766	2.766	2.754	1585.8586
1490998140000	2.765	2.76	2.765	2.76	1139.7804
1490998200000	2.76	2.76	2.7643	2.76	487.72086200000007
1490998260000	2.76	2.767	2.7679	2.76	2462.774629
1490998320000	2.7674	2.7815	2.7831	2.76	3804.1680492600003
1490998380000	2.782	2.7898	2.79	2.776	5802.450131850001
1490998500000	2.781	2.7897	2.7897	2.781	10.1
1490998560000	2.79	2.7898	2.79	2.7894	305.88324431999996
1490998620000	2.7899	2.7898	2.7899	2.7898	604.640626
1490998680000	2.795	2.79	2.795	2.79	404.91610018000006
1490998740000	2.7956	2.7978	2.7978	2.7956	492.78253016
1490998860000	2.792	2.792	2.7945	2.792	142.081648
1490998920000	2.7898	2.78	2.7898	2.78	7.69165531
1490998980000	2.7758	2.7796	2.78	2.7758	281.06207200000006
1490999040000	2.7741	2.7679	2.7741	2.7679	10.0
1490999100000	2.7633	2.7691	2.7691	2.76	891.706898
1490999160000	2.7672	2.7674	2.7674	2.7672	634.8489999999999
1490999220000	2.77	2.77	2.77	2.77	135.151
1490999400000	2.7799	2.7799	2.7799	2.7799	0.1
1490999520000	2.7783	2.7783	2.7783	2.7783	26.662379
1490999760000	2.766	2.767	2.767	2.766	748.7379
1490999820000	2.767	2.767	2.767	2.767	92.55687
1490999880000	2.7762	2.7604	2.7762	2.7604	129.67171799999997
1491000000000	2.7706	2.7623	2.7706	2.76	1733.38957259
1491001020000	2.7508	2.7501	2.7527	2.7501	1033.683
1491001320000	2.7625	2.7625	2.7625	2.7625	102.8866
1491001380000	2.7625	2.7625	2.7625	2.7625	50.74054932
1491001920000	2.7501	2.747	2.7501	2.747	1063.08155143
1491001980000	2.747	2.7489	2.7489	2.7407	282.103514
1491002100000	2.756	2.756	2.756	2.756	150.0
1491002280000	2.771	2.771	2.771	2.771	0.1
1491002520000	2.7654	2.7654	2.7654	2.7654	10.0
1491002580000	2.7671	2.7674	2.7674	2.7671	539.696212
1491002880000	2.772	2.7748	2.7748	2.7717	215.911
1491002940000	2.775	2.775	2.775	2.775	67.5
1491003000000	2.775	2.8	2.8	2.775	6713.363844000001
1491003060000	2.8	2.8	2.8	2.8	776.321628
1491003120000	2.8	2.7985	2.8	2.7985	121.349633
1491003180000	2.8	2.7998	2.8	2.7998	200.0
1491003240000	2.8	2.8	2.8	2.8	47.724239
1491003300000	2.7999	2.8	2.8	2.7999	1303.2520240000001
1491003480000	2.8	2.8091	2.8091	2.8	153.82532799
1491003540000	2.8096	2.8096	2.8096	2.8096	2494.7468
1491003600000	2.812	2.812	2.8126	2.812	20.0
1491003840000	2.815	2.8201	2.8201	2.815	155.0
1491003900000	2.8197	2.821	2.821	2.8197	1217.0
1491003960000	2.8229	2.823	2.823	2.8229	200.0
1491004020000	2.8232	2.8126	2.8232	2.8126	191.146008
1491004080000	2.8281	2.829	2.829	2.8281	47.868949269999995
1491004140000	2.829	2.829	2.829	2.829	1024.553665
1491004200000	2.829	2.829	2.829	2.829	342.25434600000006
1491004260000	2.829	2.829	2.829	2.829	136.041848
1491004320000	2.825	2.825	2.825	2.825	142.295615
1491004380000	2.825	2.825	2.825	2.825	84.254385
1491004440000	2.824	2.825	2.825	2.824	125.717524
1491004500000	2.825	2.825	2.825	2.825	192.08331499999997
1491004560000	2.829	2.832	2.832	2.829	831.78229163
1491004740000	2.8271	2.8126	2.8271	2.8126	319.05725208999996
1491004800000	2.8125	2.8125	2.8125	2.8125	150.0
1491004920000	2.808	2.8125	2.8125	2.8014	308.657917
1491004980000	2.8038	2.8115	2.8115	2.8038	57.883921
1491005160000	2.8168	2.8304	2.8319	2.8168	4601.372955
1491005220000	2.8289	2.8308	2.8319	2.8253	2500.0
1491005700000	2.8085	2.8085	2.8085	2.8085	1.008733
1491005820000	2.8087	2.8085	2.81	2.8085	15.900872
1491005940000	2.8125	2.8206	2.8206	2.8125	150.2
1491006240000	2.802	2.7999	2.802	2.7999	4.8190729999999995
1491006300000	2.7999	2.7999	2.7999	2.7999	13.552986
1491006600000	2.7918	2.8	2.8	2.7918	2048.0
1491007320000	2.7985	2.7985	2.7985	2.7985	3.58048954
1491007440000	2.7875	2.7798	2.7877	2.7798	1500.0
1491007740000	2.7975	2.7975	2.7975	2.7975	2.2101
1491007980000	2.788	2.788	2.788	2.788	55.299063
1491008040000	2.788	2.7875	2.788	2.7771	847.8013212099999
1491008220000	2.7984	2.784	2.7984	2.784	62.088494999999995
1491008280000	2.7842	2.7781	2.7842	2.7781	172.83
1491008460000	2.7925	2.8012	2.8012	2.7925	206.437882
1491008580000	2.8	2.7976	2.8	2.7976	7.90481282
1491008700000	2.8025	2.8025	2.8025	2.8025	8.5
1491008940000	2.8057	2.7905	2.807	2.7904	1636.9388000000001
1491009000000	2.7999	2.7907	2.7999	2.7907	637.9286999999999
1491009060000	2.7907	2.7886	2.7907	2.7886	566.7275
1491009120000	2.788	2.788	2.788	2.788	3.867323
1491009300000	2.7784	2.7713	2.7784	2.77	2432.0
1491009360000	2.7969	2.7966	2.7969	2.7966	161.953
1491009960000	2.776	2.7744	2.776	2.7744	163.027636
1491010020000	2.7877	2.7877	2.7877	2.7877	0.1
1491010260000	2.7705	2.786	2.786	2.7705	4.15638921
1491010920000	2.7854	2.7662	2.7933	2.7662	1947.57718917
1491011100000	2.7968	2.7968	2.7968	2.7968	0.1
1491011400000	2.7916	2.7974	2.7974	2.7916	10.99
1491011460000	2.7903	2.7903	2.7903	2.7903	2.76
1491011520000	2.7996	2.7996	2.7996	2.7996	2.76
1491011580000	2.7945	2.7875	2.7945	2.7875	9.051492
1491011640000	2.7875	2.7951	2.7951	2.7875	147.42312683
1491011760000	2.7873	2.7873	2.7873	2.7873	7.0
1491011820000	2.7857	2.7857	2.7857	2.7857	2.0
1491012060000	2.7875	2.7875	2.7875	2.7875	150.0
1491012180000	2.7847	2.7848	2.7848	2.7847	122.7165
1491012300000	2.788	2.7899	2.7899	2.788	142.579709
1491012360000	2.7891	2.788	2.7894	2.788	156.33608500000003
1491012540000	2.79	2.79	2.79	2.79	0.1
1491013140000	2.783	2.783	2.783	2.783	116.0007
1491013260000	2.7883	2.7883	2.7883	2.7883	0.1
1491013500000	2.7869	2.789	2.789	2.7869	300.0
1491013620000	2.7875	2.7875	2.7875	2.7875	2.029536
1491013680000	2.7875	2.7875	2.7875	2.7875	107.0912
1491013740000	2.7875	2.7875	2.7875	2.7875	40.879264
1491014100000	2.7821	2.7821	2.7821	2.7821	10.0
1491014280000	2.7821	2.7821	2.7821	2.7821	161.599436
1491014340000	2.782	2.782	2.782	2.782	13.32871159
1491014400000	2.781	2.781	2.781	2.781	60.66433112
1491014700000	2.787	2.786	2.787	2.786	20.0
1491014760000	2.785	2.783	2.785	2.783	30.0
1491014820000	2.7871	2.79	2.79	2.7858	600.0
1491014940000	2.79	2.79	2.79	2.79	155.2801
1491015360000	2.788	2.788	2.788	2.788	170.6451
1491015420000	2.788	2.788	2.788	2.788	29.3549
1491015660000	2.782	2.782	2.782	2.782	236.0
1491016020000	2.7824	2.778	2.7824	2.778	168.34050000000002
1491016080000	2.778	2.778	2.778	2.778	231.6595
1491016380000	2.779	2.7791	2.7791	2.779	100.0
1491016440000	2.7784	2.78	2.78	2.7784	100.0
1491016500000	2.775	2.775	2.775	2.775	101.296748
1491016740000	2.78	2.7776	2.78	2.7767	200.0
1491016800000	2.7752	2.775	2.7752	2.775	73.690864
1491017220000	2.7782	2.7752	2.7782	2.7752	1488.6084108100001
1491017280000	2.7752	2.7717	2.7752	2.7703	999.21941081
1491017460000	2.78	2.78	2.78	2.78	66.3211
1491017520000	2.78	2.78	2.78	2.78	33.7789
1491017580000	2.785	2.785	2.785	2.785	3.6978456
1491017640000	2.7891	2.7891	2.7891	2.7891	0.1
1491018060000	2.7818	2.7819	2.7819	2.7818	607.26269
1491018300000	2.7952	2.7952	2.7952	2.7952	0.4679
1491018720000	2.78	2.78	2.78	2.78	100.0
1491019140000	2.773	2.769	2.773	2.769	203.61576212
1491019680000	2.7605	2.7566	2.7654	2.7566	264.09544561999996
1491020340000	2.7658	2.7656	2.7658	2.7656	11.02
1491020400000	2.7582	2.7658	2.7658	2.7582	2.02
1491020700000	2.7582	2.7582	2.7582	2.7582	2.632804
1491021000000	2.757	2.757	2.757	2.757	1.77075046
1491021180000	2.757	2.76	2.76	2.757	178.88616000000002
1491021360000	2.76	2.76	2.76	2.76	19.34308954
1491021420000	2.7567	2.7566	2.7567	2.7566	3896.67176322
1491021480000	2.7566	2.7566	2.7566	2.7566	316.225154
1491021540000	2.76	2.76	2.76	2.76	50.0
1491021600000	2.76	2.7566	2.76	2.7566	114.9093
1491021720000	2.7566	2.7566	2.7566	2.7566	177.96648278
1491022020000	2.7501	2.7501	2.7501	2.7501	5.865188
1491022260000	2.7501	2.7501	2.7501	2.7501	22.954464
1491022440000	2.7501	2.7501	2.7501	2.7501	166.0125
1491022500000	2.7501	2.7501	2.7501	2.7501	164.843788
1491022980000	2.7501	2.7501	2.7501	2.7501	1.0
1491023040000	2.7501	2.7501	2.7501	2.7501	8.051763
1491023100000	2.7501	2.7501	2.7501	2.7501	153.45209999999997
1491023220000	2.7501	2.7501	2.7501	2.7501	75.4142
1491024120000	2.756	2.756	2.756	2.756	23.963001
1491024480000	2.7501	2.7501	2.7501	2.7501	106.02
1491024720000	2.7501	2.7501	2.7501	2.7501	342.864729
1491024780000	2.7501	2.7501	2.7501	2.7501	68.61602900000001
1491024840000	2.7501	2.7501	2.7501	2.7501	456.912
1491024960000	2.7501	2.7501	2.7501	2.7501	72.11192399999999
1491025020000	2.7517	2.7517	2.7517	2.7517	62.6971
1491025380000	2.7631	2.7501	2.7631	2.7501	7.417968
1491025560000	2.7501	2.7501	2.7501	2.7501	43.7455
1491025620000	2.7637	2.7637	2.7637	2.7637	95.0
1491025740000	2.7501	2.7501	2.7501	2.7501	1.809307
1491025920000	2.7594	2.7594	2.7594	2.7594	1.34
1491025980000	2.7729	2.7731	2.7731	2.7729	447.211052
1491026040000	2.7737	2.7738	2.7738	2.7737	381.511651
1491026280000	2.7735	2.7735	2.7735	2.7735	39.23356889
1491026400000	2.7687	2.7811	2.7811	2.7678	1230.08159761
1491026520000	2.7847	2.7847	2.7847	2.7847	33.4596
1491026640000	2.7848	2.78	2.7848	2.78	3.70431654
1491026700000	2.785	2.785	2.785	2.785	0.1
1491026760000	2.7761	2.7761	2.7761	2.7761	0.1735
1491026940000	2.7761	2.7733	2.7761	2.7733	75.67243235
1491027240000	2.7805	2.7805	2.7805	2.7805	22.3101
1491028020000	2.7704	2.7704	2.7704	2.7704	3.062825
1491028560000	2.78	2.78	2.78	2.78	145.35
1491028620000	2.78	2.78	2.78	2.78	4.65
1491028920000	2.7747	2.7764	2.7764	2.7747	97.68414560000001
1491029040000	2.7698	2.77	2.77	2.7698	244.695918
1491029100000	2.77	2.777	2.777	2.77	150.0
1491030000000	2.778	2.778	2.778	2.778	7.43727695
1491030540000	2.77	2.7764	2.7764	2.77	21.671445
1491030660000	2.77	2.77	2.77	2.77	309.99999999999994
1491030720000	2.7701	2.7701	2.7701	2.7701	225.0
1491030780000	2.7701	2.7701	2.7701	2.7701	541.184
1491030900000	2.7759	2.7759	2.7759	2.7759	78.57294
1491030960000	2.7751	2.777	2.777	2.7751	744.1075350000001
1491031140000	2.7701	2.7701	2.7701	2.7701	540.631
1491031260000	2.7754	2.7754	2.7754	2.7754	2.1326
1491031320000	2.7701	2.7701	2.7701	2.7701	655.8762
1491031380000	2.7701	2.7701	2.7701	2.7701	539.655
1491031620000	2.771	2.7777	2.7777	2.771	107.253
1491031740000	2.7701	2.7701	2.7701	2.7701	1.009713
1491031920000	2.7777	2.792	2.792	2.7777	2204.4675162599997
1491032220000	2.792	2.7888	2.792	2.7888	4.11175798
1491032280000	2.7925	2.7924	2.7942	2.7924	44.353300000000004
1491032340000	2.7937	2.7948	2.7989	2.7937	634.604016
1491032460000	2.7921	2.7938	2.7938	2.7921	81.6652
1491032520000	2.7969	2.8095	2.8095	2.7965	1350.0
1491032580000	2.7903	2.799	2.799	2.7903	20.5564583
1491032640000	2.8075	2.8075	2.8075	2.8075	0.1
1491032820000	2.7973	2.7999	2.805	2.7973	50.6347
1491033000000	2.8091	2.8096	2.8096	2.8091	15.132634
1491033060000	2.8096	2.8096	2.8096	2.8096	1323.940466
1491033120000	2.8096	2.8096	2.8096	2.8096	178.97437113
1491033180000	2.8096	2.8096	2.8096	2.8096	2.0
1491033240000	2.8096	2.8096	2.8096	2.8096	2.0
1491033360000	2.7934	2.7908	2.7934	2.7908	683.2290116700001
1491033540000	2.795	2.7944	2.795	2.7944	108.90295599999999
1491033600000	2.7922	2.7922	2.7922	2.7922	73.08072589
1491033660000	2.7923	2.7923	2.7923	2.7923	10.0
1491033720000	2.793	2.7924	2.793	2.7924	24.221
1491033780000	2.7924	2.7927	2.7927	2.7924	265.0339
1491033840000	2.7927	2.7927	2.7927	2.7927	82.3196
1491033900000	2.7927	2.7928	2.7928	2.7927	329.6735
1491033960000	2.7928	2.7928	2.7928	2.7928	17.8733
1491034020000	2.7928	2.7928	2.7928	2.7928	31.600299999999997
1491034080000	2.7928	2.7928	2.7928	2.7928	131.7459
1491034140000	2.793	2.793	2.793	2.793	98.3106
1491034260000	2.795	2.795	2.795	2.795	13.688944
1491035100000	2.802	2.796	2.802	2.796	78.451633
1491035280000	2.805	2.8083	2.8084	2.805	554.5299
1491035400000	2.7911	2.8045	2.8045	2.7911	759.9054739999999
1491035580000	2.79	2.7725	2.79	2.7724	631.4477129999999
1491035760000	2.7803	2.7821	2.7821	2.7803	665.827569
1491035820000	2.7906	2.7906	2.7906	2.7906	49.375068999999996
1491035940000	2.777	2.777	2.777	2.777	10.0
1491036000000	2.7769	2.7769	2.7769	2.7769	9.915043
1491036240000	2.775	2.775	2.775	2.775	10.0
1491036360000	2.77	2.761	2.77	2.761	120.0
1491036480000	2.7598	2.7598	2.7598	2.7598	84.001731
1491036600000	2.7545	2.7545	2.7545	2.7545	25.576545
1491036840000	2.7555	2.7555	2.7555	2.7555	150.0
1491037140000	2.7543	2.7543	2.7543	2.7543	150.0
1491037260000	2.7512	2.7512	2.7512	2.7511	1100.0
1491037980000	2.7511	2.7511	2.7511	2.7511	492.31214672
1491038400000	2.7605	2.7605	2.7605	2.7605	2.0
1491038940000	2.758	2.769	2.769	2.758	434.97304498
1491039000000	2.78	2.784	2.784	2.7796	567.956039
1491039060000	2.7631	2.769	2.769	2.7631	10.0
1491039120000	2.77	2.77	2.77	2.77	10.0
1491039180000	2.7678	2.7678	2.7678	2.7678	10.0
1491039300000	2.773	2.773	2.773	2.773	78.72936329
1491039420000	2.7663	2.752	2.7663	2.752	1604.2179999999998
1491039480000	2.756	2.756	2.756	2.756	3.63570391
1491039540000	2.7539	2.7539	2.7539	2.7539	100.0
1491039600000	2.7511	2.7501	2.756	2.75	4314.654034
1491039660000	2.75	2.754	2.754	2.7399	1354.403311
1491039780000	2.755	2.755	2.755	2.755	38.000737
1491039840000	2.751	2.751	2.751	2.751	100.0
1491039900000	2.748	2.745	2.748	2.745	51.54515003
1491040080000	2.7528	2.7528	2.7528	2.7528	7.5
1491040320000	2.7513	2.7512	2.7517	2.751	751.784766
1491040380000	2.7406	2.7406	2.7406	2.7406	10.0
1491040680000	2.7564	2.7564	2.7564	2.7564	543.453
1491040800000	2.757	2.757	2.757	2.757	2.4241
1491040980000	2.74	2.74	2.74	2.74	10.0
1491041100000	2.754	2.754	2.754	2.754	319.008
1491041280000	2.7575	2.7575	2.7575	2.7575	146.587804
1491042060000	2.77	2.7651	2.77	2.7651	20.0
1491042120000	2.7755	2.783	2.783	2.7755	1741.39600373
1491042180000	2.783	2.7832	2.7832	2.783	250.288931
1491042300000	2.783	2.783	2.783	2.783	12.384659
1491042360000	2.784	2.784	2.784	2.784	8.269156
1491042420000	2.784	2.7847	2.787	2.784	999.9107570000001
1491042480000	2.7847	2.7863	2.7863	2.7847	501.019266
1491042540000	2.7869	2.7869	2.7869	2.7869	172.6062
1491042600000	2.789	2.789	2.789	2.789	25.0
1491042660000	2.788	2.788	2.788	2.788	169.85899999999998
1491042960000	2.7808	2.7774	2.7808	2.7774	172.6062
1491043140000	2.7741	2.7741	2.7741	2.7741	4.388
1491043200000	2.7756	2.7756	2.7756	2.7756	2.002393
1491043800000	2.7812	2.7812	2.7812	2.7812	42.54630428
1491043860000	2.7848	2.7848	2.7848	2.7848	343.84403896
1491044040000	2.785	2.7849	2.785	2.7849	106.8907
1491044280000	2.7741	2.774	2.7741	2.774	121.682513
1491044340000	2.7859	2.79	2.79	2.7859	537.367246
1491044400000	2.7897	2.7958	2.7958	2.7897	98.97537480999999
1491044460000	2.7837	2.7837	2.7837	2.7837	1.00978
1491044640000	2.7953	2.7953	2.7953	2.7953	14.383626
1491044700000	2.7843	2.7844	2.7844	2.7843	9.5242415
1491045120000	2.785	2.799	2.799	2.785	54.824091440000004
1491045300000	2.7997	2.79	2.7997	2.79	13.49372765
1491045420000	2.7919	2.781	2.7919	2.781	589.11988756
1491045480000	2.7765	2.7765	2.7765	2.7765	10.0
1491045720000	2.7875	2.7795	2.7875	2.7795	80.0
1491046020000	2.7765	2.7765	2.7765	2.7765	10.0
1491046140000	2.7869	2.7873	2.7873	2.7869	4.15276167
1491046200000	2.788	2.788	2.788	2.788	1.07700401
1491046320000	2.788	2.7766	2.788	2.7766	210.0
1491046380000	2.7866	2.7866	2.7866	2.7866	5.016596
1491046500000	2.79	2.79	2.79	2.79	1.07172
1491046560000	2.7895	2.7895	2.7895	2.7895	111.121312
1491046860000	2.7854	2.7854	2.7854	2.7854	40.3965
1491047220000	2.79	2.79	2.79	2.79	1777.0
1491047460000	2.7894	2.79	2.79	2.7894	433.382479
1491047520000	2.7898	2.79	2.79	2.7894	109.920798
1491047580000	2.79	2.79	2.79	2.79	110.727421
1491047640000	2.7888	2.7884	2.79	2.7884	1021.25342699
1491047700000	2.79	2.79	2.79	2.79	57.80019847
1491048120000	2.777	2.777	2.777	2.777	16.050395
1491048180000	2.7876	2.7876	2.7876	2.7876	1.5
1491048240000	2.777	2.777	2.777	2.777	2.256088
1491048600000	2.7868	2.7868	2.7868	2.7868	140.27800000000002
1491048660000	2.7773	2.79	2.79	2.7773	50.01572442
1491048720000	2.7773	2.7773	2.7773	2.7773	39.0
1491048780000	2.79	2.79	2.79	2.79	564.495541
1491048840000	2.7772	2.7772	2.7772	2.7772	1.011936
1491049260000	2.79	2.79	2.79	2.79	174.258894
1491049380000	2.7899	2.7899	2.7899	2.7899	15.0
1491049680000	2.79	2.79	2.79	2.79	8.7736
1491049800000	2.79	2.79	2.79	2.79	7.4322
1491049980000	2.789	2.7934	2.7934	2.789	73.60561
1491050040000	2.7816	2.7816	2.7816	2.7816	5.000317
1491050100000	2.7777	2.7733	2.7777	2.7733	1000.0
1491050520000	2.7929	2.7929	2.7929	2.7929	535.528
1491050580000	2.7935	2.7935	2.7935	2.7935	90.5257
1491050640000	2.7935	2.7935	2.7935	2.7935	1377.53319815
1491050880000	2.78	2.78	2.78	2.78	100.0
1491050940000	2.7797	2.7797	2.7797	2.7797	1.241761
1491051060000	2.79	2.79	2.79	2.79	44.27150695
1491052080000	2.7939	2.7999	2.7999	2.79	1000.0
1491052140000	2.798	2.7999	2.7999	2.798	2.0
1491052560000	2.7998	2.8	2.8	2.7998	3914.14349305
1491052620000	2.8	2.8031	2.8031	2.8	482.02380249
1491052860000	2.7921	2.7921	2.7921	2.7921	10.0
1491053160000	2.7922	2.7922	2.7922	2.7922	161.2578
1491053220000	2.792	2.792	2.792	2.792	945.7421999999999
1491053580000	2.7919	2.7919	2.7919	2.7919	1.013692
1491054360000	2.7948	2.7948	2.7948	2.7948	538.029
1491054600000	2.785	2.785	2.785	2.785	1.001461
1491055500000	2.7948	2.8016	2.8016	2.7948	1000.0
1491055980000	2.79	2.7854	2.79	2.785	230.0
1491056040000	2.8004	2.8004	2.8004	2.8004	162.028594
1491056220000	2.8	2.8095	2.8095	2.8	439.819697
1491056580000	2.785	2.785	2.785	2.785	62.0
1491056640000	2.785	2.785	2.785	2.785	123.749797
1491056700000	2.785	2.785	2.785	2.785	717.2984419999999
1491057720000	2.7802	2.7802	2.7802	2.7802	0.52287929
1491057780000	2.7802	2.78	2.7802	2.78	941.42035545
1491057840000	2.78	2.78	2.78	2.78	481.14748269
1491057960000	2.78	2.78	2.78	2.78	2358.70204422
1491058020000	2.78	2.78	2.78	2.78	1317.04831164
1491058200000	2.776	2.774	2.776	2.774	205.709339
1491058260000	2.7781	2.755	2.7781	2.7546	1185.22702
1491058320000	2.751	2.751	2.751	2.751	2.24332756
1491058800000	2.751	2.751	2.751	2.751	0.68882051
1491059100000	2.7527	2.7527	2.7527	2.7527	1.057859
1491059220000	2.7534	2.7534	2.7534	2.7534	11.19993
1491059280000	2.754	2.7543	2.7543	2.7481	10500.0
1491059340000	2.7656	2.7656	2.7656	2.7656	251.00001400000002
1491059400000	2.7653	2.7656	2.7656	2.7653	20.551896
1491059460000	2.7715	2.7715	2.7715	2.7715	300.322862
1491059520000	2.7715	2.7715	2.7715	2.7715	1.000001
1491059580000	2.7715	2.7722	2.7763	2.7715	698.5865494599999
1491059640000	2.7764	2.78	2.78	2.7764	100.77913588
1491059700000	2.78	2.7706	2.78	2.7706	422.41705964999994
1491059760000	2.7708	2.7708	2.7708	2.7708	50.0
1491060120000	2.78	2.7814	2.7814	2.78	272.052748
1491060600000	2.777	2.777	2.777	2.777	85.8433
1491060720000	2.7593	2.7568	2.7593	2.7568	1522.0263
1491060780000	2.77	2.7552	2.77	2.7552	1376.6901739999998
1491060840000	2.77	2.77	2.77	2.77	5.0
1491061020000	2.7621	2.7784	2.7785	2.7611	1034.857651
1491061080000	2.7768	2.7767	2.7768	2.7767	100.0
1491061140000	2.7777	2.7889	2.7889	2.775	2049.6449000000002
1491061200000	2.7834	2.7834	2.7834	2.7834	63.23227647
1491061260000	2.7899	2.7945	2.7945	2.7899	1397.837483
1491061320000	2.793	2.793	2.793	2.793	82.954
1491061380000	2.7868	2.7811	2.7868	2.7811	285.199972
1491061440000	2.7941	2.7998	2.7999	2.7903	2519.2436273099997
1491061500000	2.7979	2.7999	2.7999	2.7978	3092.860159
1491061560000	2.7983	2.7992	2.7999	2.7983	555.321241
1491061620000	2.7997	2.7999	2.7999	2.7996	390.850155
1491061680000	2.8091	2.8091	2.8091	2.8091	0.1
1491061740000	2.8096	2.8096	2.8096	2.8001	892.890904
1491061860000	2.8	2.8	2.8091	2.8	245.88189791
1491061920000	2.8	2.8084	2.8084	2.7806	123.46155248999999
1491062040000	2.7866	2.7866	2.7866	2.7866	1.011315
1491062160000	2.7867	2.7806	2.7867	2.7806	100.0
1491062220000	2.7806	2.7806	2.7806	2.7806	100.0
1491062400000	2.7989	2.7989	2.7989	2.7989	0.1
1491062460000	2.7808	2.7953	2.7995	2.7808	120.0
1491062520000	2.7808	2.7808	2.7808	2.7808	30.7297
1491062580000	2.779	2.779	2.779	2.779	69.28
1491062700000	2.779	2.82	2.82	2.779	6027.000000000001
1491062820000	2.8079	2.8079	2.8079	2.8079	13.0
1491063120000	2.781	2.781	2.781	2.781	65.67944
1491063360000	2.7819	2.7819	2.7819	2.7819	1.011358
1491063600000	2.8062	2.8062	2.8062	2.8062	30.071803
1491063660000	2.7978	2.791	2.7978	2.791	56.430213
1491063840000	2.79	2.79	2.79	2.79	1.001103
1491063900000	2.79	2.79	2.79	2.79	57.82
1491064020000	2.79	2.79	2.79	2.79	41.178897
1491064500000	2.7762	2.776	2.7762	2.776	416.09135015
1491064560000	2.7691	2.7742	2.7931	2.7691	1838.2533850000002
1491064620000	2.7753	2.7753	2.7753	2.7753	50.4
1491065100000	2.7706	2.7706	2.7706	2.7706	1.0
1491065520000	2.7706	2.7706	2.7706	2.7706	5.0
1491065940000	2.7706	2.7706	2.7706	2.7706	424.145846
1491066000000	2.7701	2.7701	2.7701	2.7701	541.627
1491066300000	2.7584	2.7567	2.7584	2.7566	1795.5917150800003
1491066480000	2.7566	2.7566	2.7566	2.7566	30.993917
1491066540000	2.7566	2.7566	2.7566	2.7566	1095.47044
1491066600000	2.7512	2.7558	2.7558	2.7512	260.0
1491066660000	2.751	2.751	2.751	2.751	4.052998
1491066720000	2.751	2.751	2.751	2.751	4.022973
1491066780000	2.751	2.75	2.751	2.75	234.01614021
1491066840000	2.7494	2.7499	2.7499	2.7494	632.4338
1491066900000	2.7499	2.7499	2.7499	2.7499	134.5627
1491066960000	2.7499	2.7499	2.7499	2.7499	72.942007
1491067080000	2.7499	2.7499	2.7499	2.7499	295.340329
1491067140000	2.7499	2.7499	2.7499	2.7499	128.409608
1491067200000	2.7499	2.7499	2.7499	2.7499	326.754831
1491067260000	2.7499	2.7499	2.7499	2.7499	109.986707
1491067320000	2.7499	2.7499	2.7499	2.7499	125.610297
1491067440000	2.7499	2.7499	2.7499	2.7499	135.960419
1491067560000	2.7499	2.7499	2.7499	2.7499	1415.66175494
1491067620000	2.7499	2.7499	2.7499	2.7499	72.478289
1491067680000	2.7498	2.7499	2.7499	2.7498	305.767482
1491067800000	2.7499	2.7499	2.7499	2.7499	187.02162199999998
1491067860000	2.7499	2.7499	2.7499	2.7499	10.627079
1491067980000	2.7499	2.7499	2.7499	2.7499	149.164062
1491068160000	2.7499	2.7583	2.7583	2.7499	295.48163
1491068400000	2.7522	2.7572	2.7572	2.7522	136.67063615
1491068460000	2.7653	2.7653	2.7653	2.7653	200.0
1491068820000	2.7579	2.7579	2.7579	2.7579	7.0
1491069060000	2.7649	2.7649	2.7649	2.7649	20.0
1491069240000	2.7647	2.7647	2.7647	2.7647	63.0
1491069300000	2.7613	2.7664	2.7664	2.7605	495.78646112999996
1491069420000	2.756	2.756	2.756	2.756	167.2439
1491069720000	2.7634	2.7619	2.7634	2.7619	151.096358
1491070560000	2.762	2.7627	2.7627	2.7619	372.74825100000004
1491070800000	2.7513	2.7513	2.7513	2.7513	1.22018897
1491070860000	2.7622	2.7623	2.7623	2.7622	313.8387
1491070920000	2.765	2.765	2.765	2.765	122.805674
1491070980000	2.765	2.765	2.765	2.765	119.7032
1491071400000	2.765	2.765	2.765	2.765	243.17149999999998
1491071520000	2.765	2.765	2.765	2.765	119.1225
1491071580000	2.765	2.765	2.765	2.765	125.0016
1491071640000	2.765	2.765	2.765	2.765	956.3568260000001
1491071820000	2.7523	2.7523	2.7523	2.7523	10.0
1491072120000	2.7564	2.7564	2.7564	2.7564	100.0
1491072180000	2.757	2.757	2.757	2.757	1.089406
1491072840000	2.757	2.7577	2.7577	2.757	93.407782
1491073440000	2.766	2.766	2.766	2.766	99.22223
1491073620000	2.766	2.7674	2.7674	2.766	291.774209
1491073740000	2.7745	2.7745	2.7745	2.7745	0.1
1491073800000	2.7745	2.7745	2.7745	2.7745	77.49949617
1491074040000	2.7725	2.774	2.774	2.7725	642.4782
1491074100000	2.775	2.775	2.775	2.775	251.8572
1491074160000	2.7803	2.7759	2.7803	2.7759	909.0588840300001
1491074280000	2.774	2.774	2.774	2.774	53.08505047
1491074940000	2.7625	2.7576	2.7625	2.7576	138.4
1491075060000	2.7648	2.765	2.765	2.7648	334.010214
1491075180000	2.7653	2.7653	2.7653	2.7653	112.0738
1491075240000	2.7693	2.7693	2.7693	2.7693	80.0
1491075360000	2.7681	2.7681	2.7681	2.7681	0.1
1491075720000	2.7651	2.7651	2.7651	2.7651	30.194788
1491075780000	2.7574	2.7574	2.7577	2.7574	500.0
1491075840000	2.7675	2.768	2.768	2.7675	728.007096
1491075960000	2.7664	2.7664	2.7664	2.7664	4.653997
1491076020000	2.7657	2.7657	2.7657	2.7657	56.3767
1491076320000	2.76	2.7564	2.76	2.7564	50.0
1491076800000	2.7678	2.7678	2.7678	2.7678	9.529559
1491077400000	2.766	2.766	2.766	2.766	30.0
1491077640000	2.7579	2.7672	2.768	2.7579	243.670776
1491077700000	2.7671	2.768	2.768	2.7671	526.455683
1491078180000	2.7559	2.7529	2.7559	2.7529	136.596753
1491078540000	2.7529	2.7675	2.7675	2.7505	867.403247
1491078600000	2.7649	2.7649	2.7649	2.7649	3.507
1491078960000	2.75	2.749	2.75	2.749	571.8806
1491079020000	2.749	2.75	2.75	2.749	78.1194
1491079140000	2.75	2.7477	2.75	2.7477	576.1127690000001
1491079200000	2.75	2.75	2.75	2.75	1000.0
1491079260000	2.7579	2.75	2.7583	2.75	1712.466488
1491079320000	2.7469	2.7436	2.75	2.7421	1000.0
1491079440000	2.7485	2.75	2.75	2.7485	2000.0
1491079560000	2.75	2.75	2.75	2.75	649.097752
1491079680000	2.75	2.75	2.75	2.75	26.047176
1491080040000	2.7562	2.7562	2.7562	2.7562	97.0
1491080160000	2.7591	2.7654	2.7654	2.7591	201.354747
1491080220000	2.7662	2.7663	2.7663	2.7662	6.421842
1491080460000	2.7671	2.7671	2.7671	2.7671	9.0
1491080580000	2.7676	2.7676	2.7676	2.7676	10.9111
1491080760000	2.7676	2.7676	2.7676	2.7676	10.4594
1491080820000	2.7676	2.7676	2.7676	2.7676	78.6295
1491081780000	2.7732	2.7732	2.7732	2.7732	185.0607
1491082320000	2.7704	2.7704	2.7704	2.7704	4.0
1491082620000	2.765	2.765	2.765	2.765	117.6464
1491082680000	2.765	2.765	2.765	2.765	231.99970000000002
1491082800000	2.765	2.765	2.765	2.765	115.5549
1491082860000	2.765	2.765	2.765	2.765	112.5576
1491082920000	2.765	2.765	2.765	2.765	111.2917
1491082980000	2.765	2.765	2.765	2.765	320.9497
1491083220000	2.761	2.761	2.761	2.761	34.0
1491083640000	2.7579	2.7579	2.7579	2.7579	18.495238
1491083820000	2.7541	2.7523	2.7541	2.7523	46.53779204
1491083880000	2.75	2.75	2.75	2.75	10.0
1491083940000	2.75	2.75	2.75	2.75	10.0
1491084000000	2.75	2.77	2.77	2.75	2959.9153394099994
1491084120000	2.751	2.75	2.751	2.75	232.151749
1491084240000	2.75	2.75	2.75	2.75	45.196678
1491084480000	2.753	2.753	2.753	2.753	7.925224
1491084540000	2.75	2.753	2.753	2.75	8826.71508088
1491084720000	2.7568	2.7568	2.7568	2.7568	0.4
1491084840000	2.751	2.751	2.751	2.751	1.98040416
1491084960000	2.751	2.751	2.751	2.751	1.10282903
1491085020000	2.751	2.751	2.751	2.751	3.10618046
1491085140000	2.751	2.751	2.751	2.751	93.810586
1491085380000	2.75	2.75	2.75	2.75	45.412112
1491085440000	2.75	2.7375	2.75	2.7372	1069.22492789
1491085500000	2.7384	2.7384	2.7384	2.7384	344.92654
1491085980000	2.748	2.75	2.75	2.748	1011.409917
1491086100000	2.75	2.75	2.75	2.75	334.846719
1491086880000	2.74	2.74	2.74	2.74	3.6569343
1491086940000	2.74	2.74	2.74	2.74	198.7073
1491087060000	2.74	2.74	2.74	2.74	5.0
1491087120000	2.7425	2.7567	2.7635	2.7406	3242.11768097
1491087360000	2.7372	2.7353	2.7372	2.7353	806.407959
1491087420000	2.7353	2.7353	2.7353	2.7353	243.66321792
1491087540000	2.7353	2.7353	2.7353	2.7353	64.96878517
1491087600000	2.7408	2.7409	2.7409	2.7408	36.486
1491088620000	2.736	2.7267	2.736	2.7267	1841.08972241
1491088920000	2.7269	2.7317	2.7317	2.7269	125.432545
1491088980000	2.7276	2.7275	2.7276	2.7275	217.88799999999998
1491089100000	2.7268	2.7233	2.7268	2.717	385.99999999999994
1491089760000	2.7488	2.7488	2.7488	2.7488	77.0
1491090000000	2.74	2.74	2.74	2.7338	100.0
1491090300000	2.749	2.749	2.749	2.749	7.0
1491090420000	2.742	2.742	2.742	2.742	194.01681263999998
1491090480000	2.742	2.742	2.742	2.742	2000.0
1491091320000	2.733	2.7346	2.7346	2.733	100.0
1491091440000	2.7308	2.733	2.733	2.7308	953.72
1491091500000	2.7209	2.7209	2.7209	2.7209	3.49372813
1491091680000	2.7296	2.7296	2.7296	2.7296	7.243648
1491091800000	2.73	2.7308	2.7308	2.73	165.0
1491092340000	2.7275	2.7419	2.7419	2.7275	257.507656
1491092520000	2.7326	2.7326	2.7326	2.7326	29.955
1491095280000	2.7409	2.7519	2.7528	2.7405	2284.8314042399998
1491096180000	2.74	2.74	2.74	2.74	1.289948
1491096660000	2.74	2.74	2.74	2.74	11.276374
1491096960000	2.74	2.74	2.74	2.74	151.78
1491097380000	2.7352	2.7351	2.7352	2.7351	192.49099999999999
1491098100000	2.7544	2.7544	2.7544	2.7544	55.994512
1491098160000	2.7533	2.7575	2.7575	2.7533	565.0140319999999
1491098340000	2.7575	2.7575	2.7575	2.7575	7.935876
1491098400000	2.756	2.7559	2.756	2.7559	0.2
1491098460000	2.7559	2.756	2.756	2.7559	0.2
1491098820000	2.76	2.7703	2.7703	2.7586	1500.0
1491099120000	2.7631	2.7698	2.7698	2.7631	100.0
1491099240000	2.7616	2.746	2.7616	2.746	59.038177999999995
1491099300000	2.7672	2.7689	2.7691	2.7656	252.50246400000003
1491100140000	2.7528	2.7222	2.7528	2.7222	9080.30337989
1491100440000	2.7654	2.7654	2.7654	2.7654	17.08317
1491100620000	2.7653	2.7653	2.7653	2.7653	459.305
1491100740000	2.7698	2.775	2.775	2.7698	320.728367
1491100800000	2.7749	2.775	2.775	2.7749	48.111066
1491100860000	2.7757	2.781	2.781	2.7757	161.021911
1491101100000	2.7809	2.7801	2.7809	2.7801	76.004025
1491101160000	2.7774	2.7774	2.7774	2.7774	8.453906
1491101460000	2.7807	2.7807	2.7807	2.7807	20.0
1491101580000	2.7662	2.7659	2.7662	2.7601	1736.129
1491101640000	2.7708	2.7707	2.7708	2.7707	78.065
1491101760000	2.7704	2.7704	2.7704	2.7704	38.2847
1491101880000	2.7707	2.7697	2.7707	2.7697	655.5544
1491102240000	2.76	2.7645	2.7645	2.76	163.681927
1491102420000	2.7506	2.75	2.7506	2.75	1789.3395746400001
1491102600000	2.7485	2.744	2.7485	2.744	929.9100000000001
1491103020000	2.756	2.756	2.756	2.756	0.1
1491103080000	2.758	2.758	2.758	2.758	0.1
1491103140000	2.7581	2.7581	2.7581	2.7581	0.1
1491103320000	2.759	2.7578	2.759	2.7578	3.73175063
1491103380000	2.756	2.76	2.76	2.756	786.949035
1491103440000	2.76	2.76	2.76	2.76	278.84265
1491103500000	2.7751	2.7751	2.7751	2.7751	49.7911
1491105360000	2.7673	2.7763	2.7763	2.7673	1074.129801
1491105420000	2.7746	2.7737	2.7796	2.7737	267.21046183
1491105780000	2.7631	2.7631	2.7631	2.7631	1.560186
1491106260000	2.7636	2.7632	2.7649	2.7632	332.6124
1491106320000	2.7631	2.7631	2.7631	2.7631	39.9913
1491106380000	2.7642	2.7642	2.7642	2.7642	8.576235
1491106440000	2.7625	2.7622	2.7625	2.7622	80.0185
1491106500000	2.7647	2.7647	2.7647	2.7647	0.2
1491106560000	2.765	2.765	2.765	2.765	1500.0
1491108120000	2.774	2.774	2.774	2.774	36.7375
1491108180000	2.7782	2.781	2.781	2.7773	1135.209489
1491108960000	2.7804	2.7849	2.7849	2.7802	650.0
1491109080000	2.7849	2.7849	2.7849	2.7849	0.2798925
1491109560000	2.78	2.785	2.785	2.78	1332.7962
1491110280000	2.7835	2.7833	2.7835	2.7833	53.928799999999995
1491110640000	2.7848	2.79	2.79	2.7848	5685.579
1491110700000	2.7932	2.7932	2.7932	2.7932	34.071795
1491111000000	2.7872	2.7791	2.7872	2.7791	451.92315399999995
1491111300000	2.7999	2.7999	2.7999	2.7999	135.0734
1491111540000	2.7998	2.7996	2.7999	2.7996	849.487281
1491111600000	2.7999	2.7999	2.7999	2.7993	193.040735
1491111780000	2.7933	2.7999	2.7999	2.7933	100.941178
1491112200000	2.7944	2.7944	2.7944	2.7944	274.648
1491112440000	2.7944	2.7944	2.7944	2.7944	69.19603896000001
1491112620000	2.7999	2.8	2.8	2.7999	3789.3075380000005
1491112680000	2.8	2.8	2.8	2.8	1151.041413
1491112740000	2.7953	2.7953	2.7953	2.7953	0.5
1491112920000	2.799	2.799	2.799	2.799	0.5
1491113280000	2.8	2.8	2.8	2.8	2339.939989
1491113340000	2.8	2.8	2.8	2.8	432.97622357000023
1491113400000	2.8	2.8	2.8	2.7947	321.92237141
1491113460000	2.8	2.8	2.8	2.8	16.1843932
1491113520000	2.7947	2.7947	2.7947	2.7947	560.0
1491113640000	2.8	2.8	2.8	2.8	100.0
1491114060000	2.7999	2.8	2.8	2.7989	41.722076
1491114300000	2.7947	2.7947	2.7947	2.7947	3.58535799
1491114420000	2.7947	2.8	2.8	2.7947	217.492717
1491115140000	2.8	2.8	2.8	2.8	18.832781
1491115680000	2.796	2.796	2.796	2.796	131.96769021
1491116340000	2.7944	2.7943	2.7944	2.7943	20.0
1491116820000	2.7945	2.7944	2.7945	2.7944	115.316509
1491116880000	2.7976	2.7976	2.7976	2.7976	30.707285
1491117180000	2.7799	2.7802	2.7802	2.7793	2047.6528436099998
1491117540000	2.7614	2.7614	2.7614	2.7614	90.0
1491119340000	2.77	2.77	2.77	2.77	1.146179
1491119940000	2.7782	2.778	2.7782	2.778	255.652157
1491120360000	2.775	2.775	2.775	2.775	9.0
1491121140000	2.7855	2.7855	2.7855	2.7855	1.7946
1491121560000	2.7825	2.7825	2.7825	2.7825	0.67676929
1491121980000	2.7807	2.7807	2.7807	2.7807	5.383394
1491122100000	2.7715	2.7715	2.7715	2.7715	4.95271
1491122820000	2.7875	2.7875	2.7875	2.7875	100.0
1491122880000	2.775	2.775	2.775	2.775	162.203
1491123240000	2.7708	2.7708	2.7708	2.7708	7.88
1491123480000	2.7827	2.7827	2.7827	2.7827	40.32912
1491123780000	2.788	2.788	2.788	2.788	7.8299
1491123900000	2.7722	2.7722	2.7722	2.7722	7.83
1491124860000	2.7847	2.7854	2.7854	2.7847	72.58840000000001
1491124920000	2.7839	2.7839	2.7839	2.7839	35.0
1491124980000	2.7892	2.7892	2.7892	2.7892	0.14
1491125760000	2.7795	2.7795	2.7795	2.7795	1.74874419
1491125820000	2.7701	2.77	2.7701	2.77	5000.0
1491125880000	2.7764	2.7764	2.7764	2.7764	0.70026609
1491126240000	2.7739	2.7739	2.7739	2.7739	7.0
1491126420000	2.7722	2.7724	2.7724	2.7722	73.0
1491126480000	2.7728	2.7728	2.7728	2.7728	36.0
1491126600000	2.7725	2.775	2.775	2.7725	434.53921146999994
1491126660000	2.775	2.775	2.775	2.775	602.1766885299999
1491126900000	2.768	2.768	2.768	2.768	7.85153335
1491126960000	2.768	2.7625	2.768	2.7625	55.768408840000006
1491127020000	2.7501	2.7501	2.7501	2.7501	123.83774976000002
1491127080000	2.7501	2.7484	2.7501	2.7484	4888.52035411
1491127140000	2.7484	2.7353	2.7484	2.7353	4209.36838076
1491127320000	2.7353	2.75	2.75	2.7353	3315.925986999999
1491127380000	2.7481	2.76	2.76	2.7355	5414.1426109700005
1491127440000	2.766	2.7401	2.77	2.7401	4675.951012000001
1491127500000	2.7664	2.766	2.77	2.7657	2333.17062636
1491127560000	2.766	2.766	2.766	2.766	66.82937364
1491127620000	2.7438	2.7437	2.7438	2.7437	335.887174
1491127680000	2.7443	2.7443	2.7443	2.7443	1.004415
1491127800000	2.741	2.741	2.741	2.741	24.273726
1491127920000	2.75	2.75	2.75	2.75	4.15
1491128160000	2.75	2.7441	2.75	2.7441	2132.50069436
1491128220000	2.7446	2.745	2.75	2.7446	3254.9059036
1491128280000	2.745	2.75	2.75	2.745	651.394539
1491128340000	2.75	2.745	2.75	2.745	2225.902526
1491128400000	2.745	2.745	2.745	2.745	3987.19699997
1491128460000	2.7354	2.74	2.74	2.7353	7452.845785999999
1491128520000	2.74	2.7353	2.74	2.7353	142.23643364
1491128580000	2.74	2.74	2.74	2.74	2000.0
1491128700000	2.725	2.7139	2.725	2.7139	435.1477494400001
1491128760000	2.714	2.71	2.714	2.7025	6947.94207382
1491128820000	2.71	2.705	2.71	2.7001	649.4851550000001
1491128880000	2.7124	2.705	2.7124	2.705	381.057973
1491128940000	2.705	2.705	2.705	2.705	29.983
1491129000000	2.7051	2.7001	2.706	2.7001	5793.634999999998
1491129060000	2.702	2.7	2.705	2.696	26223.855514990002
1491129120000	2.6999	2.7094	2.7095	2.6995	5417.32852071
1491129180000	2.7095	2.7095	2.7095	2.7095	209.401
1491129240000	2.705	2.705	2.705	2.705	788.197968
1491129360000	2.702	2.702	2.702	2.702	2.02828
1491129660000	2.72	2.72	2.72	2.72	176.063203
1491129720000	2.72	2.7211	2.7211	2.6928	5006.222652
1491129840000	2.7167	2.71	2.7167	2.71	290.434156
1491129900000	2.7179	2.7177	2.7179	2.705	894.001786
1491129960000	2.705	2.7233	2.7233	2.705	508.054748
1491130140000	2.7417	2.7417	2.7417	2.7417	1.0
1491130200000	2.715	2.715	2.7296	2.715	194.45775500000002
1491130260000	2.715	2.727	2.727	2.715	111.493769
1491130320000	2.715	2.715	2.715	2.715	21.12
1491130380000	2.725	2.721	2.725	2.721	34.788707
1491130500000	2.716	2.72	2.7291	2.716	207.40110711
1491130620000	2.728	2.711	2.728	2.711	101.0
1491130680000	2.7241	2.7241	2.7241	2.7241	10.0
1491131280000	2.7272	2.7272	2.7272	2.7272	48.616486
1491131340000	2.732	2.732	2.732	2.732	15.8294
1491131520000	2.7218	2.725	2.7453	2.7218	1657.4010000000003
1491131700000	2.725	2.7415	2.7415	2.725	163.185757
1491131880000	2.7489	2.7499	2.7499	2.7489	1048.8580169999998
1491131940000	2.7475	2.7499	2.7499	2.7475	944.0124
1491132180000	2.7498	2.7499	2.7499	2.7498	1309.838037
1491132240000	2.7499	2.7499	2.7499	2.7499	1401.29499266
1491132540000	2.75	2.75	2.75	2.75	100.0
1491132960000	2.75	2.75	2.75	2.75	100.0
1491133200000	2.7411	2.7411	2.7411	2.7411	3.65546678
1491133320000	2.7365	2.7365	2.7365	2.7365	500.0
1491133440000	2.7359	2.7359	2.7359	2.7359	102.0
1491133500000	2.7335	2.7335	2.7335	2.7335	1.0
1491133560000	2.713	2.7253	2.7253	2.713	219.59946356
1491133620000	2.7173	2.7176	2.7197	2.7173	213.0
1491133680000	2.7328	2.7182	2.7328	2.7182	6.0
1491133740000	2.7173	2.7206	2.735	2.7125	1102.0
1491133800000	2.7169	2.7206	2.7599	2.7159	10194.16685311
1491133860000	2.7308	2.737	2.737	2.7303	60.0198
1491133920000	2.7359	2.7316	2.7359	2.7316	3.0
1491133980000	2.712	2.7194	2.7265	2.712	141.820234
1491134040000	2.7174	2.7164	2.7174	2.711	141.0
1491134100000	2.7143	2.7259	2.7259	2.7115	201.0
1491134160000	2.7272	2.7272	2.7272	2.7272	1.0
1491134220000	2.732	2.732	2.732	2.732	1.0
1491134280000	2.7253	2.715	2.7253	2.715	964.0
1491134340000	2.7265	2.7259	2.7265	2.7259	2.0
1491134400000	2.7255	2.7322	2.7382	2.711	1669.272
1491134520000	2.711	2.7242	2.7292	2.711	503.75
1491134580000	2.7111	2.7111	2.7111	2.7111	15.002961
1491134640000	2.7172	2.716	2.7172	2.716	101.0
1491134700000	2.7142	2.7136	2.7142	2.711	1528.066759
1491134760000	2.711	2.711	2.711	2.711	1499.3050113599993
1491134820000	2.711	2.711	2.711	2.711	1593.591537999999
1491134880000	2.711	2.711	2.711	2.711	152.52895400000003
1491134940000	2.711	2.711	2.711	2.711	1.001966
1491135000000	2.711	2.704	2.711	2.704	121.94228498000001
1491135060000	2.704	2.704	2.704	2.704	1000.0
1491135120000	2.704	2.704	2.704	2.704	1129.360263
1491135180000	2.704	2.704	2.704	2.704	30.65
1491135240000	2.704	2.704	2.704	2.704	2626.685199
1491135300000	2.704	2.701	2.704	2.7001	465.68437200000005
1491135360000	2.7002	2.7001	2.7002	2.7001	802.3778609999999
1491135420000	2.7001	2.7001	2.7001	2.7001	493.92995699999994
1491135480000	2.7001	2.7001	2.7001	2.7001	2135.5531709999996
1491135540000	2.7001	2.7	2.7001	2.7	1139.221622
1491135600000	2.7	2.7	2.7	2.7	84.296412
1491135660000	2.6978	2.6978	2.6978	2.6978	565.763
1491135780000	2.6978	2.6978	2.6978	2.6978	465.462402
1491135840000	2.6978	2.6999	2.6999	2.6978	569.214299
1491135900000	2.6978	2.6978	2.6978	2.6978	500.0
1491135960000	2.6978	2.6978	2.6978	2.6978	2911.3315979999998
1491136080000	2.6926	2.6926	2.6926	2.6926	1000.0
1491136140000	2.6926	2.6926	2.6926	2.6926	1367.279
1491136200000	2.6926	2.6858	2.6926	2.6858	299.824975
1491136380000	2.686	2.6948	2.6948	2.686	107.72
1491136500000	2.6948	2.6948	2.6948	2.6948	600.0
1491136620000	2.6857	2.6836	2.6858	2.6836	2000.0
1491136740000	2.6843	2.6836	2.6843	2.6836	499.16738080000005
1491136800000	2.6836	2.6836	2.6836	2.6836	814.563564
1491136860000	2.6836	2.6831	2.6836	2.6831	684.065372
1491136920000	2.6831	2.6889	2.6889	2.6831	1408.5767050000002
1491137100000	2.7	2.6966	2.7	2.6966	2.3999560100000004
1491137160000	2.6959	2.6855	2.6959	2.6855	322.62514264000004
1491137220000	2.6855	2.7028	2.7028	2.6855	92.047444
1491137280000	2.6855	2.6863	2.7019	2.6855	424.47863
1491137340000	2.6871	2.6871	2.6871	2.6871	169.237288
1491137400000	2.71	2.71	2.71	2.71	1.47450044
1491138120000	2.6861	2.6861	2.6861	2.6861	0.34946955
1491138180000	2.7042	2.7046	2.7046	2.7042	150.65069
1491138240000	2.6865	2.706	2.706	2.6865	230.0
1491138540000	2.7079	2.7078	2.708	2.7078	84.32365721000001
1491138660000	2.7098	2.7096	2.7099	2.7096	163.851133
1491138780000	2.7045	2.7045	2.7045	2.7045	14.8442
1491138840000	2.7093	2.6986	2.7096	2.6986	1630.0980120000002
1491138960000	2.7088	2.71	2.71	2.7088	118.54654291
1491139020000	2.71	2.71	2.71	2.71	30.731299999999997
1491139080000	2.7149	2.715	2.715	2.7149	954.0192999999999
1491139140000	2.715	2.7156	2.7156	2.715	15.070749209999999
1491139440000	2.72	2.725	2.725	2.7195	141.146
1491139560000	2.715	2.715	2.715	2.715	1.93284
1491139680000	2.7245	2.7245	2.7245	2.7245	485.943731
1491139740000	2.7101	2.71	2.7101	2.71	616.384641
1491140040000	2.7101	2.7243	2.7243	2.7101	23.991999999999997
1491140160000	2.7209	2.716	2.721	2.7159	145.18420999999998
1491140220000	2.7101	2.7101	2.7101	2.7101	19.498624
1491140340000	2.71	2.71	2.71	2.71	13.928
1491140460000	2.7129	2.715	2.7209	2.7128	89.114832
1491140520000	2.715	2.715	2.715	2.715	104.068376
1491140580000	2.715	2.7101	2.715	2.7101	5.595657
1491140820000	2.7101	2.7101	2.7101	2.7101	2.112139
1491141060000	2.7107	2.7107	2.7107	2.7107	0.22501
1491141120000	2.7158	2.7158	2.7158	2.7158	31.390066
1491141180000	2.7174	2.7137	2.7174	2.7135	68.76773581
1491141300000	2.721	2.721	2.721	2.721	5.0
1491141420000	2.721	2.7278	2.7278	2.721	323.401407
1491141540000	2.7256	2.7256	2.7256	2.7256	198.146626
1491142440000	2.7141	2.7141	2.7141	2.7141	10.754405
1491142560000	2.7055	2.7055	2.7055	2.7055	48.494946
1491142620000	2.7054	2.7054	2.7054	2.7054	305.612681
1491142980000	2.7212	2.7301	2.7313	2.7212	562.2923000000001
1491143160000	2.7291	2.7295	2.7295	2.7291	50.0
1491143280000	2.7251	2.7301	2.7301	2.7251	332.280621
1491143520000	2.7191	2.7191	2.7191	2.7191	8.8014
1491144600000	2.7216	2.7216	2.7216	2.7216	7.320991
1491144660000	2.7187	2.721	2.721	2.7187	1723.3072040000002
1491144720000	2.721	2.721	2.721	2.721	276.69279600000004
1491144900000	2.7196	2.72	2.72	2.7196	993.2024609999999
1491144960000	2.72	2.715	2.72	2.715	106.797077
1491145020000	2.715	2.715	2.715	2.715	2.376244
1491145080000	2.715	2.715	2.715	2.715	875.441101
1491145140000	2.715	2.715	2.715	2.715	22.1831
1491145200000	2.7206	2.7215	2.7215	2.7206	61.723774
1491145320000	2.715	2.7176	2.7176	2.715	566.357
1491145440000	2.72	2.72	2.72	2.72	144.99017700000002
1491145500000	2.718	2.715	2.718	2.715	642.121137
1491145920000	2.71	2.71	2.71	2.71	1.004752
1491145980000	2.722	2.715	2.722	2.715	24.903036970000002
1491146100000	2.71	2.71	2.71	2.71	50.0
1491146160000	2.71	2.71	2.71	2.71	100.0
1491146280000	2.72	2.72	2.72	2.72	3.0
1491146340000	2.71	2.71	2.71	2.71	2.6
1491146400000	2.7136	2.7136	2.7136	2.7136	1.130717
1491146580000	2.72	2.72	2.72	2.72	7.0
1491146760000	2.722	2.727	2.727	2.722	303.44450446
1491146820000	2.7287	2.73	2.73	2.7287	279.07620114
1491146880000	2.73	2.73	2.73	2.73	3.6703
1491147300000	2.735	2.735	2.735	2.7271	868.721451
1491147360000	2.735	2.7409	2.741	2.735	705.7176549999999
1491147420000	2.7453	2.7307	2.7456	2.7307	500.909604
1491147600000	2.7225	2.7225	2.7225	2.7225	3.039243
1491147660000	2.7233	2.722	2.7233	2.722	899.73545392
1491148020000	2.7425	2.7456	2.7456	2.7425	992.666227
1491148080000	2.7456	2.7456	2.7456	2.7456	124.294185
1491148200000	2.7348	2.7348	2.7348	2.7348	383.54178112
1491148260000	2.74	2.74	2.74	2.74	28.455232
1491148320000	2.74	2.74	2.74	2.74	350.71182
1491148380000	2.7456	2.7456	2.7456	2.7456	103.287926
1491148440000	2.7456	2.7456	2.7456	2.7456	44.57111458
1491148500000	2.7456	2.7456	2.7456	2.7456	123.593334
1491148620000	2.7399	2.7399	2.7399	2.7399	3.436098
1491148680000	2.7399	2.7399	2.7399	2.7399	8.97753
1491148740000	2.7399	2.7456	2.7456	2.7399	176.20279399999998
1491148800000	2.7456	2.7456	2.7456	2.7456	274.703934
1491148860000	2.7456	2.7456	2.7456	2.7456	3.499549
1491148920000	2.7456	2.7456	2.7456	2.7456	96.268056
1491148980000	2.746	2.746	2.746	2.7456	1026.06423139
1491149040000	2.7499	2.7499	2.7499	2.7499	4.414681
1491149100000	2.7499	2.7499	2.7499	2.7499	193.7112
1491149160000	2.7499	2.7499	2.7499	2.7499	502.097227
1491149280000	2.7499	2.7499	2.7499	2.7499	854.99115103
1491149640000	2.7477	2.7477	2.7477	2.7477	7.309259
1491149700000	2.7478	2.7497	2.7499	2.7478	341.009101
1491149820000	2.7399	2.7388	2.7399	2.7388	746.471
1491149940000	2.7389	2.7443	2.7443	2.7389	564.230578
1491150060000	2.739	2.7392	2.7392	2.739	561.208844
1491150120000	2.74	2.74	2.74	2.74	166.8403
1491150180000	2.7449	2.7449	2.7449	2.7449	21.201449
1491150240000	2.7343	2.7343	2.7343	2.7343	5.88313743
1491150480000	2.7307	2.73	2.7307	2.73	157.39084176
1491150720000	2.735	2.7249	2.735	2.7249	333.68
1491150840000	2.7343	2.7343	2.7343	2.7343	8.93394
1491150960000	2.7352	2.7352	2.7352	2.7352	546.845
1491151020000	2.7274	2.7276	2.7276	2.7274	12.892902
1491151140000	2.7305	2.7221	2.7305	2.7221	1570.5208715899998
1491151200000	2.7271	2.7271	2.7271	2.7271	234.639128
1491151380000	2.7327	2.7337	2.7337	2.7221	1374.959597
1491151440000	2.7306	2.7306	2.7306	2.7306	102.6782
1491151620000	2.7354	2.71	2.7392	2.71	9200.698398999999
1491151680000	2.7332	2.7332	2.7332	2.7332	2.54895712
1491151740000	2.7295	2.7295	2.7295	2.7295	90.7247
1491151920000	2.7237	2.72	2.7237	2.72	3759.6635
1491152100000	2.73	2.73	2.73	2.73	4090.174153
1491152160000	2.7248	2.73	2.73	2.7193	1503.08289978
1491152220000	2.73	2.73	2.73	2.73	384.938
1491152280000	2.727	2.73	2.73	2.727	1205.213632
1491152460000	2.7258	2.7258	2.7258	2.7258	353.868688
1491152640000	2.7236	2.724	2.724	2.7236	548.462
1491152700000	2.715	2.722	2.7235	2.7146	444.74628055
1491152760000	2.7099	2.7099	2.7099	2.7099	219.13135499999999
1491152820000	2.7099	2.7099	2.7099	2.7099	315.735
1491152940000	2.7002	2.7	2.701	2.7	286.40844158000004
1491153000000	2.6931	2.6926	2.6931	2.6926	172.606934
1491153060000	2.7009	2.7009	2.7009	2.7009	65.4324
1491153120000	2.6929	2.6926	2.6932	2.6926	632.652405
1491153180000	2.6931	2.6926	2.6931	2.6926	611.212804
1491153240000	2.702	2.6928	2.7021	2.6928	190.791
1491153300000	2.709	2.709	2.709	2.709	11.8624
1491153420000	2.6926	2.6926	2.6926	2.6926	66.483882
1491153480000	2.6926	2.6926	2.6926	2.6926	5.0
1491153660000	2.6926	2.6926	2.6926	2.6926	1105.224706
1491153720000	2.6926	2.6839	2.6926	2.6839	4030.691449
1491153780000	2.6839	2.6814	2.6839	2.6814	1199.51971118
1491153840000	2.6814	2.68	2.6814	2.68	536.750443
1491153900000	2.68	2.68	2.68	2.68	280.002
1491154020000	2.6878	2.6878	2.6878	2.6878	20.0
1491154080000	2.6866	2.6866	2.6866	2.6866	1.84240606
1491154200000	2.681	2.673	2.681	2.673	3098.3804624100003
1491154260000	2.673	2.671	2.6731	2.671	7498.72576
1491154320000	2.671	2.6685	2.671	2.6685	1038.863893
1491154380000	2.6685	2.6684	2.673	2.666	305.04640886
1491154440000	2.6715	2.6506	2.6715	2.6501	615.40697
1491154500000	2.6501	2.6	2.6589	2.6	79284.70194580009
1491154560000	2.6	2.6	2.6	2.5999	16696.67477425
1491154620000	2.6	2.6	2.6	2.5969	3749.4796
1491154680000	2.5973	2.6	2.6	2.5973	1048.008176
1491154740000	2.5981	2.5736	2.5981	2.5736	4383.86893803
1491154800000	2.5749	2.5742	2.5879	2.5474	8729.59041732
1491154860000	2.5716	2.5684	2.5716	2.5636	2408.797414
1491154920000	2.5631	2.564	2.5716	2.5522	3485.9265735800004
1491154980000	2.5621	2.5564	2.5621	2.5473	1072.558349
1491155100000	2.5508	2.5434	2.5508	2.5434	2020.0
1491155160000	2.5434	2.5345	2.5434	2.534	949.6419999999999
1491155220000	2.5415	2.5492	2.5492	2.5415	788.019
1491155280000	2.5345	2.5546	2.5546	2.5345	406.84061199999996
1491155400000	2.5435	2.5435	2.5435	2.5435	100.0
1491155460000	2.5496	2.534	2.5496	2.534	1216.90745015
1491155520000	2.534	2.534	2.534	2.534	157.404653
1491155580000	2.5375	2.5375	2.5375	2.5375	261.048611
1491155640000	2.5375	2.533	2.5375	2.533	1859.946074
1491155700000	2.533	2.533	2.533	2.533	112.657331
1491155760000	2.533	2.5368	2.5368	2.533	273.4017
1491155820000	2.5362	2.5362	2.5362	2.5362	200.0
1491155880000	2.5331	2.5331	2.5384	2.5331	225.93884021
1491155940000	2.5331	2.5379	2.5379	2.533	540.0
1491156000000	2.5432	2.533	2.5432	2.533	300.0
1491156060000	2.533	2.533	2.533	2.533	25.0
1491156120000	2.5426	2.5426	2.5426	2.5426	800.0
1491156180000	2.5426	2.5426	2.5426	2.5426	190.0
1491156240000	2.5426	2.539	2.543	2.539	150.0
1491156300000	2.5425	2.5425	2.5425	2.5425	500.0
1491156420000	2.5418	2.5418	2.5418	2.5418	70.0
1491156480000	2.545	2.545	2.545	2.545	43.54241206
1491156540000	2.545	2.545	2.545	2.545	6.0
1491156600000	2.545	2.545	2.545	2.545	365.4306199999999
1491156660000	2.545	2.5531	2.5531	2.545	648.1024395399999
1491156720000	2.545	2.5455	2.5455	2.545	2960.5943669499998
1491156780000	2.55	2.55	2.55	2.55	1000.0
1491156900000	2.55	2.55	2.55	2.55	12582.087365509999
1491156960000	2.55	2.547	2.55	2.547	3837.24135154
1491157020000	2.545	2.5453	2.5453	2.533	2043.66741536
1491157080000	2.5386	2.5449	2.5449	2.5384	1185.08010565
1491157140000	2.5449	2.5449	2.5449	2.5449	84.869212
1491157200000	2.5428	2.5428	2.5428	2.5428	551.95847097
1491157260000	2.5448	2.5446	2.5448	2.5446	405.083308
1491157320000	2.5433	2.5433	2.5433	2.5433	113.377992
1491157380000	2.5433	2.5433	2.5433	2.5433	38.486731
1491157440000	2.545	2.5449	2.545	2.5449	840.89561344
1491157620000	2.5389	2.5384	2.5389	2.5384	120.33731074
1491157680000	2.5509	2.551	2.551	2.5509	200.0
1491157800000	2.5505	2.5505	2.5505	2.5505	196.00925164
1491157860000	2.5528	2.5549	2.5549	2.5527	887.4652600000001
1491157920000	2.5596	2.5634	2.5641	2.5596	516.89925024
1491157980000	2.5639	2.5639	2.5639	2.5639	88.058847
1491158220000	2.54	2.54	2.54	2.54	97.187883
1491158280000	2.5529	2.5529	2.5529	2.5529	2500.0
1491158340000	2.5526	2.534	2.5526	2.534	101.0
1491158520000	2.5607	2.5607	2.5607	2.5607	53.400933
1491158580000	2.5596	2.5605	2.5605	2.5379	613.40393
1491158640000	2.5402	2.5643	2.5643	2.5402	412.66020362
1491158700000	2.5748	2.5664	2.5748	2.5647	3273.65643274
1491158760000	2.5426	2.5422	2.5426	2.5422	424.77529100000004
1491158820000	2.5422	2.5423	2.5423	2.5422	273.339746
1491158940000	2.55	2.55	2.55	2.55	19.0
1491159000000	2.5637	2.5507	2.5637	2.5507	119.0135805
1491159060000	2.55	2.55	2.55	2.55	166.803
1491159360000	2.56	2.57	2.57	2.56	873.91886219
1491159480000	2.585	2.5919	2.5919	2.585	903.690948
1491159540000	2.5946	2.5946	2.5946	2.5946	920.0
1491159720000	2.5963	2.5964	2.5964	2.5963	1273.0
1491159840000	2.5964	2.5964	2.5964	2.5964	40.0
1491159960000	2.5964	2.5964	2.5964	2.5964	477.30904100000004
1491160020000	2.5964	2.5964	2.5964	2.5964	383.729144
1491160080000	2.5964	2.5964	2.5964	2.5945	173.31603130000002
1491160140000	2.5803	2.5964	2.5964	2.5803	298.106715
1491160200000	2.599	2.5999	2.5999	2.599	5001.0
1491160260000	2.6	2.6	2.6	2.6	100.0
1491160380000	2.6073	2.6083	2.6083	2.6073	48.135287930000004
1491160440000	2.6073	2.6073	2.6073	2.6073	200.0
1491160500000	2.6073	2.6073	2.6073	2.6073	1272.641489
1491160560000	2.61	2.61	2.61	2.61	2.0
1491160620000	2.61	2.61	2.61	2.61	998.0
1491160680000	2.6166	2.6167	2.6167	2.6166	1190.408819
1491160740000	2.6167	2.617	2.6236	2.6167	1397.3481227099996
1491160800000	2.6243	2.6244	2.6244	2.6243	22.935668999999997
1491160860000	2.6284	2.6286	2.6286	2.6284	32.2699
1491160920000	2.63	2.64	2.64	2.63	1234.699673
1491161040000	2.64	2.64	2.64	2.64	2156.405
1491161100000	2.64	2.64	2.64	2.64	54.00290179
1491161160000	2.6411	2.6446	2.6446	2.6411	17.614334
1491161220000	2.6447	2.6447	2.6447	2.6447	118.966088
1491161400000	2.6287	2.6287	2.6287	2.6287	24.9988
1491161520000	2.6287	2.6286	2.6296	2.6286	282.0
1491161760000	2.6415	2.6286	2.6448	2.6286	590.7242739999999
1491161820000	2.6287	2.6287	2.6287	2.6287	122.666
1491161880000	2.6287	2.6287	2.6287	2.6287	182.067596
1491161940000	2.6287	2.6419	2.646	2.6222	5652.153664410001
1491162000000	2.6289	2.6457	2.6457	2.6289	189.48716279
1491162120000	2.6258	2.6184	2.6258	2.6184	2256.72106665
1491162180000	2.6113	2.6113	2.6113	2.6113	65.0
1491162300000	2.6325	2.64	2.64	2.6325	868.3057799999999
1491162420000	2.6353	2.6331	2.64	2.6331	4427.9229159999995
1491162480000	2.6331	2.6181	2.6331	2.6181	579.206048
1491162540000	2.6184	2.6073	2.6184	2.6073	1784.9721509799995
1491162600000	2.6073	2.6331	2.6331	2.6073	1071.979033
1491162660000	2.6298	2.6377	2.64	2.6079	1293.0298960899997
1491162720000	2.632	2.6498	2.6499	2.6185	5680.507606569998
1491162780000	2.6186	2.6302	2.667	2.6077	5294.46694798
1491162840000	2.6305	2.6313	2.667	2.6305	955.6865962999999
1491162900000	2.6665	2.6799	2.6826	2.635	1009.04314859
1491162960000	2.635	2.6073	2.635	2.6073	124.59453592
1491163020000	2.6076	2.6076	2.6076	2.6076	59.01936591
1491163080000	2.6074	2.6073	2.6074	2.6073	323.6440242
1491163140000	2.6074	2.6074	2.6074	2.6074	28.697274
1491163200000	2.6074	2.6073	2.6074	2.6073	591.10314886
1491163320000	2.63	2.6001	2.63	2.6001	756.69901665
1491163380000	2.6001	2.6001	2.6001	2.6001	20.718875
1491163440000	2.6001	2.5977	2.6001	2.5977	3497.99482042
1491163500000	2.6126	2.5901	2.6146	2.5901	327.24830900000006
1491163560000	2.5901	2.6079	2.6079	2.5901	273.291822
1491163620000	2.614	2.615	2.6151	2.586	1475.0563286600004
1491163680000	2.614	2.5896	2.622	2.5896	2433.6774939800002
1491163740000	2.5897	2.5896	2.5897	2.5896	84.42320197000001
1491163800000	2.5896	2.5896	2.5896	2.5896	50.16288138
1491163860000	2.586	2.586	2.586	2.586	1172.87775082
1491163920000	2.586	2.5793	2.586	2.5793	1413.2501875799999
1491163980000	2.5689	2.5689	2.5689	2.5689	1.0
1491164040000	2.5691	2.5689	2.5691	2.5689	11.960747399999999
1491164100000	2.5602	2.56	2.5602	2.56	450.79999999999995
1491164160000	2.5647	2.5555	2.5647	2.5555	2541.47066907
1491164220000	2.5512	2.5501	2.5512	2.5501	4595.09442506
1491164280000	2.5434	2.5331	2.5484	2.5331	3131.39199886
1491164340000	2.5332	2.5332	2.5332	2.5332	143.022
1491164640000	2.5331	2.53	2.5331	2.53	1275.6293805900002
1491164700000	2.53	2.525	2.5302	2.525	1261.62319581
1491164760000	2.5237	2.5237	2.5237	2.5237	7.0
1491164820000	2.5237	2.5001	2.525	2.5001	8595.168094820001
1491164880000	2.5009	2.5	2.5009	2.5	6281.908405289999
1491164940000	2.5	2.5	2.5005	2.5	1378.8876
1491165000000	2.5	2.5539	2.5539	2.5	9953.774484650003
1491165060000	2.5539	2.5539	2.5539	2.5539	453.609284
1491165120000	2.55	2.5644	2.5644	2.55	7.514780999999999
1491165180000	2.5656	2.5656	2.5656	2.5656	101.79160964
1491165240000	2.566	2.57	2.57	2.5656	444.984669
1491165300000	2.5751	2.5863	2.589	2.5751	3367.1127309999997
1491165360000	2.5879	2.5927	2.5964	2.5879	1872.0766257099997
1491165420000	2.5957	2.5999	2.5999	2.5955	4957.00805792
1491165480000	2.5999	2.5999	2.5999	2.5999	6.493214
1491165540000	2.5999	2.6148	2.6398	2.5942	8172.115354070001
1491165600000	2.6391	2.6315	2.6399	2.6311	1082.3165804199998
1491165660000	2.6296	2.6003	2.64	2.6003	2707.21373
1491165720000	2.6019	2.6019	2.6019	2.6019	15.0
1491165780000	2.6295	2.6369	2.6369	2.6295	2.0
1491165840000	2.6329	2.634	2.6342	2.6327	1000.0
1491165900000	2.6352	2.6392	2.6399	2.6348	542.43690194
1491165960000	2.6367	2.6395	2.6499	2.6367	3007.95286351
1491166020000	2.6493	2.6493	2.6493	2.6493	1.14
1491166080000	2.6479	2.6481	2.6481	2.6479	58.649412000000005
1491166140000	2.6481	2.6498	2.6499	2.648	1999.9999999999998
1491166200000	2.6499	2.6606	2.6606	2.6499	1340.4474414800002
1491166260000	2.6499	2.6612	2.6612	2.6499	1029.53171974
1491166320000	2.6612	2.6613	2.6613	2.6612	117.525913
1491166380000	2.6611	2.6613	2.6613	2.6611	2755.794322
1491166440000	2.6612	2.677	2.677	2.6612	3139.95513826
1491166500000	2.677	2.7	2.7	2.6697	12994.263164
1491166740000	2.666	2.6662	2.684	2.666	260.07183751
1491166800000	2.6808	2.6803	2.6808	2.6802	1823.613903
1491166920000	2.6773	2.6744	2.6775	2.6744	339.615182
1491166980000	2.6794	2.6792	2.6794	2.6792	128.69979999999998
1491167040000	2.6662	2.6662	2.6662	2.6662	67.7097
1491167160000	2.6626	2.6626	2.6626	2.6626	11.089198
1491167220000	2.6576	2.6582	2.6582	2.6568	222.31564986
1491167280000	2.6586	2.657	2.6587	2.652	426.783483
1491167460000	2.657	2.657	2.657	2.657	63.6804
1491167520000	2.652	2.6271	2.652	2.6003	20351.923284
1491167640000	2.6577	2.6583	2.6586	2.6577	607.4296710000001
1491167700000	2.6606	2.6844	2.6864	2.6601	1146.86874463
1491167760000	2.6835	2.6834	2.6835	2.6834	544.07152708
1491167820000	2.6854	2.6835	2.6854	2.6835	636.921444
1491167880000	2.6872	2.6875	2.6875	2.6872	149.781
1491168240000	2.6703	2.6682	2.6703	2.6682	15.360315669999999
1491168300000	2.6758	2.6758	2.6758	2.6758	22.223831
1491168360000	2.6664	2.6664	2.6664	2.6664	51.267035
1491168420000	2.6709	2.6709	2.6709	2.6709	1.50819639
1491168480000	2.6817	2.6812	2.6817	2.6812	19.232685999999998
1491168840000	2.685	2.685	2.685	2.685	550.0473000000001
1491168900000	2.685	2.685	2.685	2.685	1050.9527
1491169140000	2.6631	2.6382	2.6631	2.635	2563.76253238
1491169200000	2.6495	2.6495	2.6495	2.6495	37.775526
1491169260000	2.6478	2.6478	2.6478	2.6478	565.372
1491169320000	2.6637	2.6637	2.6637	2.6637	275.972853
1491169380000	2.648	2.6481	2.6481	2.648	271.188577
1491169620000	2.6353	2.64	2.64	2.635	222.750056
1491169680000	2.6351	2.6539	2.6566	2.6351	502.75948
1491169740000	2.6478	2.6469	2.6499	2.635	46.278466179999995
1491169800000	2.6503	2.6503	2.6503	2.6503	11.0
1491169920000	2.635	2.6451	2.6451	2.635	657.2228499500001
1491169980000	2.635	2.635	2.635	2.635	155.68947069
1491170340000	2.63	2.6374	2.6374	2.63	813.2761069999999
1491170520000	2.6461	2.6461	2.6461	2.6461	67.89715356
1491171000000	2.65	2.65	2.65	2.65	300.0
1491171600000	2.635	2.635	2.635	2.635	400.0
1491171660000	2.6594	2.6594	2.6594	2.6594	12.0
1491171720000	2.635	2.66	2.66	2.635	256.0
1491171780000	2.64	2.64	2.64	2.64	10.0
1491172080000	2.6355	2.63	2.6355	2.63	91.85835112
1491172200000	2.6461	2.6461	2.6461	2.6461	10.0
1491172260000	2.63	2.6286	2.63	2.6286	106.00321699999999
1491172380000	2.6286	2.6286	2.6286	2.6286	725.327177
1491172440000	2.6286	2.6286	2.6286	2.6286	2.005478
1491172500000	2.6286	2.6295	2.6295	2.6286	196.91678299999998
1491172560000	2.6295	2.6295	2.6295	2.6295	23.422755
1491172620000	2.6295	2.6295	2.6295	2.6295	210.0
1491172800000	2.6295	2.6295	2.6295	2.6295	380.12463
1491172980000	2.6295	2.6295	2.6295	2.6295	1260.102688
1491173040000	2.6295	2.6295	2.6295	2.6295	248.52878377000002
1491173100000	2.6295	2.6359	2.6359	2.6295	134.07873652
1491173220000	2.6359	2.6359	2.6359	2.6359	97.9319
1491173520000	2.6363	2.66	2.66	2.6363	1598.82393755
1491173580000	2.66	2.66	2.66	2.66	3.7669
1491173820000	2.66	2.66	2.66	2.66	1.729e-05
1491174000000	2.6563	2.6563	2.6563	2.6563	1.0
1491174120000	2.6681	2.6675	2.6681	2.6675	69.407112
1491174180000	2.6518	2.6518	2.6518	2.6518	0.8529
1491174240000	2.6741	2.6787	2.6845	2.6741	222.34625800000003
1491174600000	2.6634	2.6634	2.6634	2.6634	2.938597
1491174660000	2.6719	2.6719	2.6719	2.6719	12.59159
1491174900000	2.6601	2.6601	2.6601	2.6601	49.911717
1491175020000	2.68	2.68	2.68	2.68	12.0
1491175320000	2.6814	2.6814	2.6814	2.6814	52.2293
1491175500000	2.67	2.6705	2.6705	2.67	729.829
1491175560000	2.6792	2.6795	2.6795	2.6789	721.0105
1491175620000	2.6811	2.6714	2.6811	2.6714	238.066013
1491175860000	2.6578	2.66	2.665	2.6578	338.551163
1491176100000	2.66	2.66	2.66	2.66	111.7
1491176520000	2.6585	2.6585	2.6585	2.6585	100.0
1491176640000	2.6485	2.6482	2.6485	2.6482	633.754822
1491176700000	2.65	2.65	2.65	2.65	11.99997497
1491176760000	2.65	2.6484	2.65	2.6484	63.182540030000006
1491176880000	2.6366	2.6287	2.6367	2.6287	968.25463523
1491176940000	2.6308	2.6308	2.6308	2.6308	1.879988
1491177000000	2.6483	2.6483	2.6483	2.6483	34.7288
1491177060000	2.6286	2.6286	2.6286	2.6286	0.98503448
1491177120000	2.6359	2.6359	2.6359	2.6359	59.245805
1491177180000	2.6374	2.6374	2.6374	2.6374	70.220296
1491177360000	2.6286	2.6286	2.6286	2.6286	990.62733
1491177420000	2.6351	2.6351	2.6351	2.6351	1009.4873
1491177540000	2.6355	2.6355	2.6355	2.6355	240.0939
1491177660000	2.6375	2.6375	2.6375	2.6375	10.0
1491178020000	2.65	2.65	2.65	2.65	3.7811
1491178080000	2.65	2.65	2.65	2.65	115.15754700000001
1491178140000	2.65	2.65	2.65	2.65	384.84248507
1491178560000	2.6626	2.6626	2.6626	2.6626	3.16969238
1491178620000	2.6655	2.6633	2.6655	2.6633	6.93776029
1491178860000	2.6664	2.6664	2.6664	2.6664	0.59700662
1491178920000	2.6735	2.6735	2.6735	2.6735	5.0
1491179040000	2.6631	2.6568	2.6631	2.63	5133.319959139999
1491179100000	2.658	2.6579	2.658	2.6579	44.10344087
1491179160000	2.6644	2.65	2.6644	2.65	606.136571
1491179280000	2.64	2.64	2.64	2.64	167.3877984
1491179340000	2.64	2.64	2.64	2.64	151.95229999999998
1491179400000	2.65	2.65	2.65	2.65	10.0
1491179580000	2.6413	2.6413	2.6413	2.6413	37.40046685
1491179640000	2.631	2.631	2.631	2.631	8.6
1491179820000	2.6401	2.6401	2.6401	2.6401	20.0
1491179940000	2.631	2.642	2.642	2.631	6.94632
1491180180000	2.631	2.6287	2.631	2.6287	162.299473
1491180240000	2.6286	2.625	2.6286	2.625	493.49793752
1491180300000	2.625	2.6237	2.625	2.6237	167.671557
1491180420000	2.6175	2.6175	2.6175	2.6175	8.659686
1491180480000	2.618	2.6176	2.618	2.6176	324.69885
1491180540000	2.6175	2.6175	2.6175	2.6175	90.554957
1491180600000	2.6175	2.6114	2.6181	2.6113	295.045752
1491180660000	2.6114	2.6073	2.6209	2.6073	563.88574882
1491180780000	2.6074	2.6073	2.6074	2.6073	509.28098045999997
1491180840000	2.613	2.6	2.613	2.6	6993.06465994
1491180900000	2.6	2.5989	2.6	2.5989	1830.46590024
1491180960000	2.5997	2.6087	2.6087	2.5985	1590.87970201
1491181020000	2.6143	2.6127	2.6143	2.6127	939.1346619999999
1491181080000	2.5966	2.5966	2.5966	2.5966	94.261
1491181140000	2.596	2.5865	2.596	2.5865	2102.4376895799996
1491181200000	2.5865	2.5617	2.5865	2.5617	8670.74029505
1491181260000	2.5617	2.5617	2.5617	2.5617	455.496123
1491181320000	2.5617	2.5604	2.5617	2.5555	1227.02451369
1491181380000	2.5555	2.5555	2.5555	2.5555	431.923
1491181440000	2.5647	2.5615	2.5647	2.5555	3796.0773289599992
1491181500000	2.5615	2.5623	2.5839	2.555	1687.6099868400001
1491181560000	2.56	2.56	2.56	2.56	500.0
1491181620000	2.555	2.5553	2.5553	2.555	73.78876443
1491181680000	2.5601	2.5601	2.5601	2.56	1275.92823825
1491181740000	2.5625	2.5553	2.5778	2.5553	630.7901700000001
1491181800000	2.565	2.565	2.565	2.565	220.742055
1491181860000	2.565	2.56	2.6138	2.56	2475.8069773200004
1491181980000	2.5647	2.5503	2.5647	2.5503	2556.98717783
1491182160000	2.5531	2.5501	2.5531	2.5501	2401.319837
1491182220000	2.5502	2.5502	2.5502	2.5501	1613.4303405599999
1491182280000	2.5502	2.5501	2.5502	2.5501	155.569997
1491182340000	2.5575	2.5501	2.56	2.5501	3112.491364
1491182400000	2.5501	2.55	2.5501	2.55	65.69086200000001
1491182460000	2.55	2.55	2.55	2.55	930.076286
1491182520000	2.551	2.551	2.551	2.551	277.498759
1491182580000	2.5493	2.5493	2.5498	2.5493	2739.23124857
1491182640000	2.5517	2.5493	2.5517	2.5493	326.66281843999997
1491182760000	2.55	2.55	2.5501	2.55	453.80146999000004
1491182880000	2.55	2.5455	2.55	2.5455	287.137832
1491182940000	2.5455	2.5455	2.5455	2.5455	21.75593502
1491183000000	2.5455	2.545	2.5455	2.545	328.72899700000005
1491183120000	2.5498	2.5498	2.5498	2.5498	10.0
1491183180000	2.55	2.5431	2.55	2.5431	4683.602457
1491183240000	2.5431	2.5431	2.5431	2.5431	664.12388582
1491183360000	2.5368	2.5368	2.5368	2.5368	114.163222
1491183420000	2.5368	2.5368	2.5368	2.5368	1491.9083
1491183480000	2.5368	2.5368	2.5368	2.5368	261.255192
1491183540000	2.5374	2.5384	2.5384	2.5374	402.931185
1491183600000	2.5384	2.5369	2.5384	2.5368	620.941799
1491183660000	2.5308	2.5306	2.5308	2.5306	356.24971200000005
1491183720000	2.5306	2.5306	2.5306	2.5306	817.421743
1491183780000	2.5281	2.5244	2.5306	2.5244	1809.23
1491184080000	2.5245	2.5244	2.5245	2.5244	1764.561
1491184140000	2.5332	2.5333	2.5333	2.5329	1030.0
1491184260000	2.5244	2.5244	2.5244	2.5244	1076.20674614
1491184380000	2.5222	2.5222	2.5222	2.5222	6.969741
1491184440000	2.5222	2.5222	2.5222	2.5222	2066.7610379999996
1491184500000	2.5222	2.5222	2.5222	2.5222	427.519221
1491184560000	2.5216	2.52	2.5216	2.52	311.433993
1491184620000	2.52	2.5182	2.5316	2.5182	4183.63944187
1491184680000	2.5121	2.512	2.5128	2.512	2082.50278
1491184740000	2.5121	2.5259	2.5259	2.5058	3480.9639241800005
1491184860000	2.515	2.5116	2.515	2.5116	180.308516
1491184920000	2.5116	2.5116	2.5116	2.5116	3.190827
1491185280000	2.525	2.525	2.525	2.525	148.8722
1491185400000	2.5151	2.5116	2.5151	2.5116	687.58288877
1491185460000	2.5079	2.5079	2.5079	2.5079	49.021869
1491185520000	2.5079	2.5079	2.5079	2.5079	8.5371813
1491185640000	2.5083	2.5083	2.5083	2.5083	23.41217248
1491185700000	2.5211	2.5211	2.5211	2.5211	50.0
1491185760000	2.5181	2.5224	2.5224	2.5181	158.50165628
1491185820000	2.5087	2.5087	2.5087	2.5087	4.5465
1491185940000	2.5357	2.5357	2.5357	2.5357	218.39283091
1491186000000	2.5092	2.5092	2.5092	2.5092	14.420412
1491186060000	2.5103	2.5103	2.5103	2.5103	407.52414119
1491186120000	2.5087	2.5058	2.5087	2.5058	497.0
1491186180000	2.5058	2.5058	2.5058	2.5058	1162.52
1491186240000	2.5067	2.5067	2.5067	2.5066	1592.48
1491186360000	2.5058	2.5066	2.5066	2.5058	612.71720077
1491186420000	2.5058	2.5058	2.5058	2.5058	4.43224442
1491186480000	2.5063	2.5058	2.5066	2.5058	1510.90515576
1491186600000	2.501	2.5009	2.501	2.5009	123.84984109999999
1491186720000	2.5009	2.5009	2.5009	2.5009	10.241494
1491186780000	2.5009	2.5009	2.5009	2.5009	50.03774526
1491186840000	2.5009	2.5009	2.5015	2.5009	1586.6135469999997
1491186900000	2.5009	2.505	2.505	2.5009	1459.14964
1491186960000	2.505	2.505	2.5051	2.505	527.55162046
1491187020000	2.505	2.505	2.505	2.505	1994.9188379999998
1491187080000	2.505	2.505	2.505	2.505	1064.469063
1491187140000	2.5051	2.5051	2.5051	2.5051	14.623235
1491187260000	2.501	2.5009	2.501	2.5009	199.120162
1491187320000	2.501	2.501	2.501	2.501	6.544219
1491187680000	2.5211	2.5211	2.5211	2.5211	1741.46
1491187860000	2.5284	2.5104	2.5333	2.5104	3227.6439572000004
1491187920000	2.5112	2.5054	2.5112	2.5054	2000.0
1491188040000	2.507	2.5069	2.507	2.5069	256.174
1491188100000	2.525	2.525	2.525	2.525	10.0
1491188340000	2.526	2.526	2.526	2.526	10.0
1491188580000	2.527	2.527	2.527	2.527	9.268278
1491188640000	2.5257	2.5257	2.5257	2.5257	233.393178
1491189060000	2.5138	2.5138	2.5138	2.5138	168.98631751
1491189240000	2.52	2.52	2.52	2.52	2.898784
1491189300000	2.52	2.5201	2.5201	2.52	206.23663693999998
1491189360000	2.5201	2.52	2.5201	2.52	638.824879
1491189420000	2.5136	2.5188	2.5188	2.5136	31.8598967
1491189540000	2.519	2.519	2.519	2.519	2.096
1491189720000	2.5196	2.5196	2.5196	2.5196	50.526593
1491189900000	2.5314	2.5188	2.5314	2.5188	528.18414904
1491190020000	2.5188	2.5188	2.5188	2.5188	21.453001
1491190080000	2.5129	2.5188	2.5188	2.5129	454.958982
1491190200000	2.5188	2.5188	2.5188	2.5188	0.3
1491190260000	2.5188	2.5188	2.5188	2.5188	825.022792
1491190320000	2.5188	2.5188	2.5188	2.5188	77.269452
1491190380000	2.5188	2.5188	2.5188	2.5188	454.394895
1491190440000	2.5188	2.5188	2.5188	2.5188	6858.879546
1491190500000	2.5188	2.5188	2.5188	2.5188	10.0
1491190560000	2.5188	2.5188	2.5188	2.5188	244.562699
1491190620000	2.5188	2.5144	2.5188	2.5144	2.033522
1491190680000	2.5188	2.5187	2.5188	2.5187	35.795614
1491191400000	2.5125	2.51	2.5125	2.51	3276.2033831000003
1491191820000	2.51	2.5047	2.51	2.5047	10.0
1491192180000	2.51	2.51	2.51	2.51	5.134255
1491192600000	2.5188	2.5188	2.5188	2.5188	20.06401792
1491192900000	2.5128	2.5128	2.5128	2.5128	34.830697
1491192960000	2.5128	2.5123	2.5128	2.5123	243.802833
1491193020000	2.52	2.52	2.52	2.52	69.7559
1491193080000	2.52	2.52	2.52	2.52	67.058
1491193140000	2.52	2.52	2.52	2.52	3.97619047
1491193200000	2.5183	2.52	2.52	2.5183	500.0
1491193260000	2.52	2.52	2.52	2.52	566.9403
1491193320000	2.52	2.52	2.52	2.52	74.683482
1491193380000	2.52	2.52	2.52	2.52	680.793764
1491193440000	2.52	2.52	2.52	2.52	59.518059
1491193500000	2.52	2.52	2.5254	2.52	170.87651049
1491193560000	2.5215	2.52	2.5279	2.52	507.82779063
1491193620000	2.52	2.5206	2.5272	2.52	90.9005
1491193680000	2.52	2.52	2.52	2.51	1439.2938770200003
1491193740000	2.52	2.52	2.52	2.52	330.547829
1491193800000	2.52	2.52	2.52	2.52	1468.68171498
1491193860000	2.52	2.52	2.522	2.52	837.1556975599999
1491193920000	2.522	2.528	2.528	2.522	2401.345506
1491193980000	2.528	2.522	2.528	2.522	1500.32627009
1491194040000	2.528	2.528	2.528	2.528	3184.93816791
1491194160000	2.5461	2.5494	2.55	2.5461	1143.6062180000001
1491194280000	2.5496	2.5405	2.55	2.5405	4001.003292
1491194340000	2.55	2.55	2.55	2.55	1504.043264
1491194400000	2.55	2.5571	2.559	2.5499	5129.421277419999
1491194460000	2.5586	2.557	2.559	2.5558	3930.2629509999992
1491194520000	2.5552	2.559	2.559	2.5552	193.876429
1491194580000	2.5568	2.57	2.57	2.5568	2280.0309912499997
1491194640000	2.57	2.57	2.57	2.57	104.72540000000001
1491194700000	2.57	2.57	2.57	2.57	69.738503
1491194760000	2.57	2.57	2.57	2.57	340.341257
1491194820000	2.57	2.57	2.57	2.57	73.167933
1491194880000	2.57	2.57	2.57	2.57	53.4004
1491194940000	2.57	2.57	2.57	2.57	347.02526600000004
1491195000000	2.57	2.57	2.57	2.57	1941.371866
1491195060000	2.57	2.558	2.57	2.558	2392.76493933
1491195180000	2.5455	2.5385	2.5455	2.5385	1142.59369082
1491195300000	2.55	2.55	2.55	2.55	200.0
1491195360000	2.55	2.55	2.55	2.55	12.989972
1491195420000	2.55	2.5598	2.5599	2.55	553.2928909999999
1491195540000	2.5737	2.5737	2.5737	2.5737	49.859084
1491195660000	2.5734	2.5734	2.5734	2.5734	74.3621
1491195720000	2.5728	2.577	2.577	2.5728	3499.9999999999995
1491195780000	2.5766	2.5766	2.5766	2.5766	9.348759
1491195840000	2.5734	2.561	2.5734	2.561	365.55285628
1491196020000	2.5595	2.55	2.5595	2.55	406.56609268999995
1491196080000	2.5609	2.5612	2.5612	2.5609	692.377
1491196200000	2.5596	2.5335	2.5597	2.5335	2027.9093487999999
1491196680000	2.5451	2.545	2.5451	2.545	61.369954920000005
1491197100000	2.5396	2.5387	2.5396	2.5387	1344.2808427700002
1491197220000	2.5523	2.5523	2.5523	2.5523	342.158568
1491197580000	2.5411	2.5396	2.5411	2.5396	1140.6034
1491197760000	2.5413	2.5413	2.5413	2.5413	26.497369
1491198000000	2.5445	2.5445	2.5445	2.5445	2.158889
1491198300000	2.5438	2.5438	2.5438	2.5438	12.824214
1491198960000	2.5593	2.5593	2.5593	2.5593	50.0
1491199260000	2.5567	2.5567	2.5567	2.5567	0.22096908
1491199440000	2.554	2.5601	2.561	2.554	2970.2067985399995
1491199560000	2.5571	2.5483	2.5572	2.5483	751.561198
1491199620000	2.5483	2.5483	2.5483	2.5483	1.001477
1491199680000	2.5607	2.561	2.561	2.5601	1314.0113000000001
1491199800000	2.561	2.561	2.561	2.561	687.675313
1491199860000	2.561	2.561	2.561	2.561	211.261244
